27804446-Q4968563	[[1.21671113e-03 1.23096230e-02 2.65528657e-03 3.14318240e-02
  2.60136585e-04 4.30970080e-03 4.86814388e-04 2.92317029e-02
  1.32696622e-03 3.42348404e-02 1.82254124e-03 2.74222381e-02
  2.79095559e-03 4.05004527e-03 3.23543698e-03 4.13838634e-03
  3.25293280e-02 8.02257121e-01 3.89348669e-03 7.27156294e-05
  2.02800748e-05 3.25415817e-06 1.17218706e-05 6.59861553e-06
  6.60119622e-06 4.13165617e-06 6.65788366e-06 8.07689412e-06
  1.31668412e-05 1.69933955e-05 7.84893746e-06 9.53378549e-06
  4.39161204e-06 7.01366071e-06 9.57470547e-06 1.20255772e-05
  1.01330825e-05 1.95714638e-05 1.83020657e-05 4.34739559e-06
  4.53684925e-06 5.13733630e-06 1.10687015e-05 8.96154506e-06
  2.17173529e-05 1.17152431e-05 1.35223454e-05 1.71061565e-05
  1.31307015e-05 1.70183539e-05]
 [3.84900488e-07 5.30511206e-05 4.33844143e-05 5.94956614e-03
  1.02829763e-05 7.14055059e-05 8.04473093e-05 7.04350066e-04
  1.86730758e-05 6.23340085e-02 1.53493788e-03 2.09247926e-03
  5.82594483e-04 2.41916664e-02 6.64019826e-05 1.35284918e-05
  9.01005089e-01 1.18717132e-03 1.55252183e-05 3.12084899e-06
  5.87148975e-07 6.90805336e-07 7.49273056e-07 1.62047934e-06
  3.92563862e-07 4.06390171e-07 5.70187638e-07 8.17092541e-07
  3.07548430e-06 1.14505849e-06 1.10785879e-06 1.09472626e-06
  7.65898335e-07 8.92400294e-07 9.72377961e-07 8.61773287e-07
  3.99824421e-06 1.27387830e-06 8.17865953e-07 1.09989787e-06
  1.08097493e-06 1.52525797e-06 1.40980467e-06 2.38849225e-06
  1.30948126e-06 2.59392300e-06 1.21602432e-06 1.23028110e-06
  4.06518302e-06 2.20467564e-06]
 [9.19398460e-08 2.14049214e-06 2.60684010e-05 1.11122907e-04
  4.82545420e-06 1.89950049e-06 3.94870905e-04 5.44122886e-04
  2.41673304e-04 2.49773241e-03 7.80621096e-02 7.57584698e-04
  1.89804826e-02 7.37947077e-02 8.13607243e-04 2.08228128e-04
  6.63053155e-01 1.16102628e-01 7.47732047e-05 1.24229479e-03
  1.70514279e-03 2.60224519e-03 1.77993451e-03 1.78427179e-03
  3.32190859e-04 6.89182198e-04 2.67827039e-04 3.75339703e-04
  8.83253850e-03 1.71997154e-03 1.20208738e-03 6.31099625e-04
  9.40057391e-04 2.29931436e-04 5.41679095e-04 8.27785523e-04
  2.90919188e-03 1.00105477e-03 5.83401590e-04 4.52140055e-04
  2.27396711e-04 5.45607181e-04 1.02424109e-03 1.65914802e-03
  8.42851237e-04 1.81428355e-03 1.12893363e-03 4.47257247e-04
  2.14121398e-03 3.84782790e-03]
 [8.32232843e-08 7.42485790e-05 2.75858793e-06 8.26099142e-03
  1.29604261e-04 1.16298223e-04 2.74601771e-04 9.24461638e-05
  5.66131021e-05 1.51700238e-02 1.11875765e-04 6.47547171e-02
  1.02266044e-04 8.41508090e-01 4.54230420e-03 6.81309169e-03
  5.27845472e-02 1.54583843e-03 2.20195646e-03 7.97130342e-05
  1.23439720e-04 4.11111338e-04 2.13068906e-05 1.17568037e-04
  1.37252719e-05 7.10133008e-06 4.65713993e-06 6.43779640e-06
  1.40940305e-04 1.26397072e-05 2.38350167e-05 2.14996762e-05
  1.12889047e-05 3.91477352e-06 3.28966853e-05 6.89189665e-06
  9.55635478e-05 6.88039154e-06 5.07161849e-06 3.12224302e-06
  7.29943258e-06 1.49075377e-05 5.24573943e-06 3.33129428e-05
  5.18188153e-06 4.56851994e-05 2.46876589e-05 6.93559832e-06
  1.44809193e-04 2.00504528e-05]
 [9.85800739e-08 1.27616158e-05 1.80472330e-06 5.55852857e-05
  2.28914596e-05 1.24153937e-03 4.84108277e-05 3.88260861e-03
  8.99851948e-05 1.33329574e-02 3.54358228e-03 1.45161599e-01
  7.45341042e-03 7.89721191e-01 4.66626929e-03 1.76904487e-05
  2.89498847e-02 1.05356518e-03 3.45655513e-04 3.48110305e-04
  1.38252708e-05 1.27859803e-05 2.65459107e-06 4.26734732e-06
  4.27060201e-07 1.22737492e-06 3.92475215e-07 3.26045580e-07
  2.35628886e-06 2.01472474e-07 5.46751551e-07 2.96362089e-07
  7.16841100e-07 1.62813890e-07 2.67373139e-07 2.50806409e-07
  1.68653855e-06 1.00191045e-07 3.90557346e-08 2.97506119e-07
  1.60073995e-07 7.78471701e-07 5.08790777e-07 1.45298338e-06
  1.08657439e-07 8.31794466e-07 8.12222254e-07 2.82741041e-07
  1.36936103e-06 1.21693643e-06]
 [1.18083797e-07 3.86159336e-05 6.14450937e-06 2.18318673e-05
  1.67696053e-05 6.97046111e-04 2.62839632e-04 2.58325199e-05
  6.51342329e-03 2.23210940e-04 3.27435700e-04 3.55886161e-01
  9.53735877e-03 2.42442295e-01 9.01891217e-02 1.29719645e-01
  1.27665550e-01 3.55497263e-02 5.26584685e-04 1.17648859e-04
  6.50894581e-05 4.96098073e-05 8.17218279e-06 1.31006736e-05
  2.06276854e-06 1.77917775e-06 1.45114780e-06 1.78857033e-06
  1.68776005e-05 4.82087535e-06 2.55532268e-06 7.31361706e-06
  3.45202375e-06 1.51833069e-06 1.09056009e-06 1.60466971e-06
  6.80630910e-06 1.16418448e-06 5.28664543e-07 4.59128643e-07
  2.42147530e-06 2.86156364e-06 1.89204002e-06 4.28538397e-06
  9.90151989e-07 3.53045357e-06 4.44094849e-06 1.73266415e-06
  1.02346830e-05 8.96202710e-06]
 [4.04819417e-07 3.56140918e-05 1.77160441e-03 1.39597920e-04
  9.75238683e-04 1.31143621e-04 4.80743684e-03 2.89476453e-03
  3.11637390e-02 1.69046281e-04 2.15051118e-02 1.89483277e-02
  1.05264774e-02 8.97739947e-01 2.85472465e-03 1.17068540e-03
  1.14017539e-03 3.61875608e-03 2.28893769e-04 2.51576585e-05
  4.20430879e-05 5.44942304e-06 1.07777742e-05 5.17856142e-06
  2.10568760e-06 1.11636382e-06 3.40766519e-06 3.91290678e-06
  4.39841779e-06 2.94637562e-06 1.32749472e-06 6.12511667e-06
  2.20494530e-06 4.15667273e-06 1.77840309e-06 4.09795484e-06
  3.36811854e-06 2.03703303e-06 1.30336161e-06 8.88868783e-07
  5.81898803e-06 2.25617305e-06 3.99887404e-06 2.14669876e-06
  1.87846308e-06 1.86133479e-06 3.78126606e-06 5.30173156e-06
  6.40347571e-06 1.11416157e-05]
 [6.91497082e-09 1.79260678e-04 9.43872419e-06 5.83385963e-06
  9.73145234e-06 2.43951854e-05 3.06506944e-03 1.23981154e-03
  2.17971695e-03 1.30426669e-02 3.18393135e-03 7.30572864e-02
  3.42051625e-01 3.97451103e-01 4.70546857e-02 4.85833560e-04
  5.02017923e-02 6.25993758e-02 2.73364916e-04 1.83527567e-03
  1.25549058e-03 5.44574170e-04 9.26311623e-05 2.30184814e-05
  1.28045122e-06 3.29308273e-06 1.04640376e-05 1.53173623e-05
  3.35534569e-05 4.18722993e-06 4.37658173e-06 8.72778969e-07
  1.61134176e-06 3.96539963e-06 6.79432878e-06 6.26336805e-06
  7.47593549e-06 2.85477563e-06 4.40545909e-06 2.21487016e-06
  4.17882262e-07 4.96370546e-07 1.46142770e-06 1.40149541e-06
  9.21694095e-07 2.49279037e-06 1.82187659e-06 6.03429953e-06
  2.74013769e-06 7.37404162e-06]
 [2.49124184e-07 1.62965021e-04 7.10173231e-03 4.45128942e-04
  1.87013666e-05 3.88007378e-04 3.17048369e-04 2.53711734e-02
  2.00406443e-02 3.13771330e-03 1.01817492e-03 4.05250639e-02
  6.25657678e-01 7.05923662e-02 4.62569389e-03 2.24903952e-02
  9.09730152e-04 1.73674658e-01 3.51294948e-05 7.03013560e-04
  1.21368235e-03 1.61397460e-04 1.23095175e-04 7.44236313e-05
  8.34833190e-06 2.79431370e-05 2.16802127e-05 1.67656981e-05
  3.70934955e-04 8.46567200e-05 1.00886591e-05 3.56126693e-05
  3.45993139e-05 1.28988922e-05 1.01869655e-05 5.55806255e-05
  8.38180276e-05 2.30605565e-05 8.14998293e-06 8.87188344e-06
  1.60432119e-05 1.69553223e-05 3.51537929e-05 1.82011991e-05
  1.23379414e-05 2.84863600e-05 2.09142381e-05 1.04400442e-05
  9.26667635e-05 1.47705898e-04]
 [2.90819257e-03 1.94883682e-02 7.73411021e-02 5.50555857e-03
  6.01639680e-04 1.32667448e-03 3.77209362e-04 1.28563814e-04
  8.46315622e-02 5.91023650e-04 2.38014167e-04 1.97968306e-03
  6.39633536e-02 5.60364570e-04 1.18471133e-02 6.56423151e-01
  4.56333300e-03 6.33259937e-02 1.02835160e-03 2.73674905e-05
  7.01184545e-05 2.95682366e-05 1.32614252e-04 4.21700315e-05
  5.36615917e-05 2.37527220e-05 3.30399635e-05 2.79525430e-05
  7.33353736e-05 3.78726894e-04 4.93832595e-05 7.64938086e-05
  4.87824727e-05 5.93964396e-05 7.54728826e-05 3.82933271e-04
  7.07699000e-05 2.46021955e-04 2.48050957e-04 6.71500238e-05
  6.30606810e-05 4.36876471e-05 2.44829542e-04 6.94847986e-05
  1.85747500e-04 5.62932109e-05 4.51103915e-05 2.61128953e-05
  4.37806957e-05 1.75880807e-04]
 [4.70629483e-01 1.71219274e-01 5.47476998e-03 2.22932524e-03
  2.36889071e-04 5.54593571e-05 5.91320240e-05 9.82555503e-05
  6.15772151e-04 1.17642827e-04 8.63264650e-05 7.40312214e-04
  9.89660341e-03 1.38619100e-04 3.15029919e-03 2.75835335e-01
  3.83326877e-03 4.50478680e-02 9.86693334e-03 2.12018458e-05
  1.29823975e-05 8.22670245e-06 1.59848350e-05 5.61385878e-06
  1.17072750e-05 3.67979123e-06 4.71496605e-06 5.29443423e-06
  2.22126910e-05 1.50544700e-04 1.58776311e-05 1.78114660e-05
  9.01930343e-06 9.25302356e-06 1.07453307e-05 3.04161003e-05
  9.79353717e-06 5.26002841e-05 9.39380552e-05 1.27626599e-05
  1.16382353e-05 9.18685055e-06 2.63265520e-05 1.47804822e-05
  4.09224995e-05 1.12309899e-05 5.87227669e-06 2.79346386e-06
  6.27222289e-06 1.49771176e-05]
 [8.26007247e-01 5.62928766e-02 6.15162542e-03 3.38515942e-03
  3.03998444e-04 1.32966627e-04 1.25141669e-04 4.45869446e-05
  8.23913259e-04 5.29105251e-04 2.26474614e-04 3.48766509e-04
  7.72405462e-03 2.75253678e-05 3.42327193e-03 1.44234449e-02
  8.20482429e-03 7.08419606e-02 7.61988631e-04 4.89341392e-06
  2.58836803e-06 5.63887988e-06 4.16176454e-06 2.72803550e-06
  5.55605993e-06 2.87903094e-06 1.73525393e-06 1.91271351e-06
  6.05843979e-06 3.86110805e-05 9.67536835e-06 5.61943034e-06
  6.53397638e-06 3.12849534e-06 5.93818822e-06 9.05643628e-06
  4.37863764e-06 1.55232028e-05 2.46109958e-05 8.67434210e-06
  3.18893967e-06 6.32757428e-06 7.02272700e-06 8.52664289e-06
  1.11497029e-05 4.68300141e-06 3.57240742e-06 8.49832247e-07
  2.30608407e-06 3.71330270e-06]
 [8.37641001e-01 4.54413705e-02 1.54831668e-03 3.17618065e-03
  1.51417305e-04 2.64498012e-05 1.54010064e-04 1.70760133e-04
  4.86400502e-04 1.84934447e-03 2.79762433e-04 1.03644277e-04
  1.87091285e-03 1.29263290e-05 1.51188544e-03 1.93486619e-03
  1.23779485e-02 9.08482820e-02 7.03947080e-05 4.19925482e-06
  2.18065657e-06 1.07691567e-05 6.45855243e-06 5.48727485e-06
  1.06627722e-05 6.75444699e-06 3.12333646e-06 3.25629412e-06
  8.63210335e-06 5.47194577e-05 1.70687927e-05 8.04951924e-06
  1.23578911e-05 4.61656464e-06 1.04460205e-05 1.34222591e-05
  7.40815676e-06 2.25968452e-05 3.39148646e-05 1.68919742e-05
  4.42201008e-06 1.17612426e-05 9.51910533e-06 1.45972490e-05
  1.62852757e-05 7.50821710e-06 6.98809663e-06 1.34779339e-06
  3.42676663e-06 5.12615907e-06]
 [9.88911629e-01 3.93105531e-03 5.23605286e-06 7.26607032e-05
  9.89057526e-07 1.93144103e-07 2.68502208e-06 9.19201775e-05
  5.75204513e-06 1.42403529e-04 4.94255582e-05 3.35424238e-06
  2.37479344e-05 1.00474608e-06 2.71334375e-05 2.90553871e-04
  7.48242834e-04 5.58261527e-03 2.21782875e-06 3.79064801e-07
  2.30746934e-07 2.01692706e-06 1.15205239e-06 1.14500961e-06
  3.32775517e-06 2.96161329e-06 1.06835375e-06 1.01604110e-06
  1.80238226e-06 1.59854644e-05 7.88017405e-06 3.69431086e-06
  7.82995994e-06 2.28415070e-06 3.06340394e-06 3.52578490e-06
  2.02030765e-06 7.43871760e-06 1.21084204e-05 5.73217221e-06
  1.23035989e-06 3.63925665e-06 1.76447770e-06 3.30849366e-06
  4.00606541e-06 1.98006001e-06 2.24363157e-06 4.02240602e-07
  7.97840585e-07 1.19720266e-06]
 [9.99383688e-01 1.82688251e-04 1.71581831e-07 4.74520175e-06
  2.45075000e-08 2.71151208e-08 2.03347298e-07 1.39484273e-05
  5.85471867e-07 2.07341000e-05 1.42686004e-05 1.31038959e-07
  3.49924971e-06 1.58069199e-07 9.88233182e-07 4.35836191e-05
  3.07202608e-05 2.82872148e-04 6.77045549e-08 3.43315527e-08
  1.96801242e-08 4.56644386e-07 1.26388201e-07 1.36063534e-07
  5.17440469e-07 6.71970554e-07 2.01758127e-07 1.79450467e-07
  1.86770393e-07 1.95227108e-06 1.27995338e-06 6.79971322e-07
  1.80344227e-06 4.22840458e-07 3.78652004e-07 3.23641700e-07
  2.14082277e-07 1.19346646e-06 2.39691849e-06 1.10030999e-06
  2.30258166e-07 6.17694297e-07 1.35268223e-07 2.83592129e-07
  5.32909951e-07 2.53140087e-07 3.06774240e-07 5.97759637e-08
  8.47868549e-08 1.09840222e-07]
 [9.99696255e-01 4.95420463e-05 2.31647704e-07 1.67691144e-06
  1.31565052e-08 8.54458051e-08 2.25255860e-07 7.28502573e-06
  1.07692961e-06 6.89099215e-06 1.49423149e-05 6.26480059e-08
  6.39233076e-06 1.72726132e-07 5.02547891e-07 3.08659110e-05
  8.31270972e-06 1.70073501e-04 2.15257252e-08 8.36429859e-09
  4.90084462e-09 1.99586751e-07 3.61402321e-08 3.82967613e-08
  1.42032263e-07 2.08862346e-07 5.74626213e-08 4.99542026e-08
  5.47272556e-08 5.53927237e-07 4.31008743e-07 2.08728537e-07
  5.99124405e-07 1.26599772e-07 1.14320144e-07 8.07252079e-08
  5.41937588e-08 3.86396465e-07 9.07370861e-07 3.30912400e-07
  6.77536391e-08 1.61288753e-07 2.95548599e-08 6.19966087e-08
  1.54841629e-07 6.71902214e-08 8.75039703e-08 1.71487518e-08
  2.02235153e-08 2.62983200e-08]
 [9.99758542e-01 1.72349064e-05 2.77423595e-07 1.80364907e-06
  9.28716926e-09 8.49465565e-08 1.22867633e-07 8.66761820e-06
  1.21221251e-06 8.30454337e-06 2.12603991e-05 3.33933237e-08
  7.72208932e-06 1.48199717e-07 9.46943999e-07 1.74090219e-05
  1.54046338e-05 1.29307547e-04 5.95829475e-09 1.39609329e-08
  1.00764757e-08 3.47678878e-07 8.90035281e-08 7.09546555e-08
  3.07962665e-07 4.60808764e-07 1.32894655e-07 1.12611268e-07
  1.06756573e-07 1.33517085e-06 8.69650307e-07 5.05265120e-07
  1.42486613e-06 3.15502774e-07 1.95787891e-07 1.76832572e-07
  9.81855166e-08 8.55925975e-07 1.88375293e-06 7.02073407e-07
  1.63361790e-07 3.26232737e-07 6.81993413e-08 1.16840852e-07
  3.47511445e-07 1.25857426e-07 1.86195834e-07 4.05412521e-08
  3.81839769e-08 6.33998667e-08]
 [9.99783099e-01 1.63282148e-05 2.99382464e-07 1.05600031e-06
  5.62486724e-09 1.35776801e-07 1.41391965e-07 1.10292958e-05
  1.46772572e-06 3.81216410e-06 1.99193546e-05 3.44911442e-08
  1.09234661e-05 1.84990114e-07 5.95118934e-07 1.46545226e-05
  9.55176165e-06 1.20455115e-04 7.24496152e-09 8.88358986e-09
  5.93654681e-09 2.17882672e-07 5.15286693e-08 3.91422965e-08
  1.58427753e-07 2.44018366e-07 6.88586113e-08 5.71461527e-08
  6.35034425e-08 7.70576037e-07 4.88127796e-07 2.76402545e-07
  7.81991560e-07 1.67405062e-07 1.02575171e-07 9.04846331e-08
  5.07044504e-08 4.67641030e-07 1.07050425e-06 3.58833319e-07
  8.43317878e-08 1.56907745e-07 3.40761765e-08 5.60220386e-08
  1.83790462e-07 6.41850022e-08 9.79815766e-08 2.11928324e-08
  1.91636271e-08 3.28136451e-08]
 [9.99834657e-01 1.08519362e-05 2.67104411e-07 1.10813528e-06
  4.14586410e-09 1.01655282e-07 8.85907667e-08 1.17491372e-05
  1.31460354e-06 4.66711936e-06 2.06629975e-05 2.58340052e-08
  1.02852791e-05 1.33805699e-07 7.15611975e-07 7.44538602e-06
  1.19270599e-05 7.64655269e-05 2.97990144e-09 1.03893179e-08
  7.01278369e-09 2.22058432e-07 6.61082495e-08 4.31457252e-08
  1.88077919e-07 2.86386324e-07 8.57060840e-08 6.93977640e-08
  7.46964517e-08 9.97434427e-07 5.36434470e-07 3.59559237e-07
  9.53858603e-07 2.15612857e-07 1.02895562e-07 1.07156815e-07
  5.54339294e-08 5.57527528e-07 1.22393794e-06 4.10267461e-07
  1.10033248e-07 1.79286602e-07 4.30397797e-08 6.06951289e-08
  2.22791314e-07 7.05432086e-08 1.11900185e-07 2.63726943e-08
  2.17570690e-08 4.21625010e-08]
 [9.99850512e-01 1.22607380e-05 2.74091207e-07 7.64998504e-07
  3.30335648e-09 1.36564495e-07 1.11350523e-07 1.22190540e-05
  1.51621475e-06 3.12545762e-06 1.92545722e-05 2.82650916e-08
  1.18004064e-05 1.45783389e-07 4.63742907e-07 6.41294355e-06
  7.13373674e-06 6.96971765e-05 3.62328323e-09 6.69690925e-09
  3.97231537e-09 1.43044005e-07 3.47540592e-08 2.40791298e-08
  9.58511066e-08 1.57523800e-07 4.31376073e-08 3.42482878e-08
  4.36486793e-08 5.46181468e-07 3.04173540e-07 1.86388661e-07
  5.33866626e-07 1.08746825e-07 5.55443513e-08 5.17547605e-08
  2.92978548e-08 2.88287168e-07 6.67222594e-07 2.23577899e-07
  5.53583135e-08 9.28386754e-08 2.08701323e-08 3.06409973e-08
  1.12910058e-07 3.70298849e-08 6.13537168e-08 1.32942573e-08
  1.12323812e-08 2.07033359e-08]]
27804446-Q4968564	[[4.39908676e-04 6.04430260e-03 2.30993750e-03 7.38051999e-03
  4.17262519e-04 6.25375612e-03 1.38690206e-03 2.04338729e-02
  2.46395916e-03 8.74485541e-03 1.10899226e-03 1.32159274e-02
  7.03099184e-03 5.54649998e-03 5.21008903e-03 2.40344228e-03
  8.32688995e-03 8.90035689e-01 8.49382486e-03 5.22980292e-04
  3.04029381e-04 3.24803434e-04 4.54165216e-04 2.49196630e-04
  7.67536039e-05 3.03176512e-05 3.15078469e-05 3.44856708e-05
  5.09348320e-05 4.55966401e-05 2.87511903e-05 3.04644236e-05
  1.59448937e-05 2.39938036e-05 3.25593282e-05 4.08160449e-05
  3.15973048e-05 5.53599966e-05 4.63220167e-05 1.10740675e-05
  1.15602443e-05 1.38210180e-05 2.81536031e-05 2.24752694e-05
  5.30604120e-05 2.88820866e-05 3.45773151e-05 4.30627115e-05
  3.46927918e-05 4.03788217e-05]
 [6.24309340e-03 7.57157430e-02 1.28219500e-02 1.47684161e-02
  1.61025152e-02 4.86175790e-02 6.44397736e-02 1.40253389e-02
  6.81975158e-03 2.82870270e-02 3.28398612e-03 1.28520075e-02
  1.91448920e-03 4.26654592e-02 2.68529840e-02 1.31118884e-02
  3.41486856e-02 3.69386286e-01 7.57448450e-02 9.97941568e-03
  1.48362005e-02 1.40874218e-02 2.40451336e-04 2.35330383e-03
  3.28017958e-03 3.78311705e-03 5.01575368e-03 6.14793878e-03
  3.56353167e-03 2.98015377e-03 3.02122952e-03 1.25652840e-02
  4.33958508e-03 4.47835447e-03 2.00697011e-03 1.76546711e-03
  4.35690675e-03 2.93377298e-03 2.46442389e-03 1.69021403e-03
  5.76912379e-03 3.79900890e-03 9.54338291e-04 1.42674404e-03
  1.85965782e-03 2.39143358e-03 1.56303309e-03 1.81543734e-03
  4.94575175e-03 1.78399985e-03]
 [1.22562358e-02 5.67438677e-02 5.80813065e-02 6.21438818e-03
  1.23416092e-02 1.80306863e-02 3.64605859e-02 8.22429359e-02
  2.47145705e-02 3.74727161e-03 1.85179949e-01 3.83583456e-02
  3.45217437e-03 2.93186605e-01 1.14203747e-02 2.42714514e-03
  2.45335419e-02 1.19813951e-02 9.18944925e-03 4.55697952e-03
  1.39700752e-02 2.18281243e-03 8.92190263e-03 1.77745440e-03
  3.70257255e-03 2.57842476e-03 2.87141115e-03 2.97057303e-03
  6.72733178e-04 1.51281641e-03 9.89197637e-04 6.84006652e-03
  3.18522146e-03 3.33454553e-03 8.07371864e-04 1.64154230e-03
  1.45169301e-03 2.69532623e-03 1.76245032e-03 2.34263786e-03
  1.18741337e-02 4.27129259e-03 2.29289709e-03 1.36397732e-03
  3.56980413e-03 1.72678789e-03 2.79138563e-03 3.08815041e-03
  3.52618471e-03 4.16513020e-03]
 [4.99379275e-05 3.84186395e-04 1.19119417e-02 2.24140945e-06
  2.53235572e-03 4.59204399e-04 1.22867981e-02 2.74143717e-03
  4.84183282e-02 6.82515893e-05 3.90229921e-04 1.60210803e-02
  4.60896874e-03 7.35464180e-03 1.01263613e-04 8.56638432e-01
  6.11536916e-06 2.87004020e-02 1.41993712e-03 3.59012582e-03
  9.79878008e-04 6.46392407e-04 3.05855967e-04 3.38831087e-05
  3.91009235e-05 1.53229812e-05 1.23666941e-05 1.88594913e-05
  4.20054166e-05 7.34230025e-06 4.90810453e-06 8.92125263e-06
  4.24224254e-06 5.54393500e-06 1.52847424e-05 2.58198043e-06
  2.43567010e-05 7.53240556e-06 2.31224294e-05 7.79287620e-06
  1.53955607e-05 5.74461683e-06 2.91650440e-06 5.63085268e-06
  5.96974360e-06 1.97889258e-05 3.79901689e-06 7.92336050e-06
  3.62262326e-05 5.30687612e-06]
 [7.06553874e-06 3.86062311e-06 1.07128988e-04 2.77052633e-03
  1.56104488e-05 6.42267769e-05 6.78435026e-05 7.90913077e-07
  1.69777886e-05 1.64263358e-03 4.00488607e-05 8.57935083e-06
  2.76103447e-06 1.09096745e-03 1.02668373e-05 3.61242070e-04
  1.50141841e-05 1.76799904e-06 1.36477873e-04 1.19979406e-04
  2.77117244e-03 1.45586254e-03 1.73853681e-04 8.81927728e-04
  7.27437856e-03 3.67104239e-03 3.27124670e-02 3.07950955e-02
  2.48520728e-02 2.57920520e-03 1.76971331e-02 6.43082708e-02
  1.10103022e-02 4.99502495e-02 1.08074039e-01 3.86698395e-02
  8.16602185e-02 2.26915739e-02 2.29222998e-02 1.66940540e-02
  1.35453254e-01 2.21934002e-02 2.42572613e-02 1.89754833e-02
  1.45982355e-02 5.50141223e-02 6.52846089e-03 5.83119988e-02
  8.91160369e-02 2.82228477e-02]
 [1.85783556e-05 6.19998667e-04 2.77081341e-03 6.15385215e-05
  4.95076217e-02 1.33555189e-01 2.55302876e-01 1.30077312e-02
  2.36181878e-02 8.44379305e-04 8.64113495e-02 2.73974746e-01
  1.38169661e-01 4.51530982e-03 6.67862501e-03 3.77786672e-03
  7.91855564e-04 3.39778978e-03 3.72168938e-06 3.40473955e-04
  4.72346583e-04 3.12779448e-04 6.26254012e-04 1.20032470e-04
  1.27523608e-05 5.98982979e-06 3.16582882e-05 3.81933060e-05
  7.63766002e-05 2.13835174e-05 1.85312147e-05 3.84884588e-05
  7.13943427e-06 4.22548546e-05 1.80658790e-05 4.59704243e-05
  4.17253868e-05 6.59928701e-05 5.39102184e-05 8.99632050e-06
  2.50030807e-05 1.59310293e-05 5.55186489e-05 1.84917062e-05
  6.64044273e-05 4.54886140e-05 1.52341627e-05 1.26335392e-04
  9.42430997e-05 1.10235793e-04]
 [5.41129157e-05 2.12473725e-03 1.18132960e-03 4.83559816e-05
  8.84133112e-03 3.01336050e-01 3.81767796e-03 2.18661919e-01
  7.58119510e-04 2.33745296e-03 7.42748147e-04 2.06945091e-01
  2.26733878e-01 5.14611276e-03 6.97359210e-03 3.12705198e-03
  8.45380491e-05 8.79052444e-04 1.06126690e-05 4.62035940e-04
  5.47260686e-04 2.80144141e-05 1.78066967e-03 2.38316163e-04
  1.62556185e-04 1.94897453e-04 5.57364780e-04 5.35433413e-04
  1.18580682e-03 1.78942035e-04 7.17614239e-05 1.70143598e-04
  5.66400158e-05 2.28748060e-04 4.32826564e-05 1.96441048e-04
  3.04325251e-04 2.49394187e-04 1.38989300e-04 2.37024451e-05
  5.74730657e-05 5.74367950e-05 2.33209896e-04 7.20646931e-05
  2.35471642e-04 1.72630476e-04 9.49422320e-05 4.35710885e-04
  6.93574024e-04 7.88957695e-04]
 [1.04160708e-05 3.64492153e-05 2.61209381e-04 6.40566403e-04
  1.81353011e-04 1.18653208e-03 1.29931904e-02 1.44949299e-05
  1.03009799e-04 1.92573711e-01 1.23216007e-02 9.46849468e-06
  8.93596327e-04 6.23749018e-01 2.96246551e-04 1.28320578e-04
  1.54093847e-01 1.83886499e-04 1.22135943e-05 2.11192105e-06
  1.18527651e-05 2.96596500e-06 1.43505270e-06 1.18544665e-06
  1.08789754e-06 1.90619403e-06 5.68596670e-06 7.27890892e-06
  2.70577111e-05 4.11460769e-06 2.73958949e-06 6.93152879e-06
  3.36439007e-06 7.99020108e-06 4.00296631e-06 7.23240964e-06
  2.66356055e-05 8.76083595e-06 2.77060371e-06 2.59750664e-06
  4.47429420e-06 7.98083511e-06 9.34239961e-06 9.03991713e-06
  1.07265305e-05 1.39065223e-05 6.07416268e-06 1.83513421e-05
  6.31979055e-05 2.80514159e-05]
 [7.72657804e-05 5.68817183e-03 7.56212452e-04 5.77566738e-04
  2.74955742e-02 2.66711917e-02 4.33286419e-03 9.85448249e-04
  1.38967822e-04 2.92031444e-03 5.78366779e-03 9.48806014e-03
  2.50622979e-04 8.16117406e-01 1.81496218e-02 3.85645148e-03
  4.82283358e-04 7.80034205e-03 3.95123388e-05 3.31304618e-05
  9.64485749e-04 9.32567811e-04 1.58802388e-04 9.48617817e-04
  6.22132095e-04 1.46673771e-03 1.70431775e-03 1.40161056e-03
  5.77046163e-03 3.04833986e-03 1.01090653e-03 3.14554083e-03
  1.74021954e-03 9.98685602e-04 6.52115967e-04 2.38542771e-03
  3.29496642e-03 2.22105533e-03 1.06085802e-03 7.88608682e-04
  2.03651795e-03 2.61674728e-03 2.42814305e-03 1.68447709e-03
  2.17766431e-03 2.79542850e-03 2.59181065e-03 1.46500068e-03
  6.96040597e-03 9.28270631e-03]
 [3.23638110e-03 1.08382711e-02 9.94518748e-04 5.64163900e-04
  2.80056801e-02 2.49997393e-04 5.56353771e-05 3.22431661e-05
  1.47849001e-04 6.75521369e-05 2.51638063e-04 4.18668060e-04
  3.91490867e-05 1.02551142e-02 7.21580058e-04 2.68651452e-02
  2.29210639e-03 1.28375292e-01 4.41619456e-02 1.58573426e-02
  1.93078339e-01 7.67897908e-03 7.62026478e-03 1.32204276e-02
  1.97860543e-02 1.13261845e-02 9.25678480e-03 7.70534435e-03
  7.18190707e-03 2.90610828e-02 1.40121244e-02 3.07037849e-02
  1.67982094e-02 9.67830140e-03 1.12027898e-02 2.31633354e-02
  1.38719250e-02 2.72208732e-02 2.50311606e-02 2.01936532e-02
  3.90747301e-02 2.51919013e-02 2.53989771e-02 1.76603701e-02
  3.61476354e-02 1.98526680e-02 1.58456117e-02 6.33440586e-03
  1.81513596e-02 2.51205303e-02]
 [7.90826790e-03 4.73030396e-02 2.94269430e-05 2.81721950e-05
  1.89567695e-03 1.37663101e-05 1.11420040e-05 1.99466158e-05
  1.18618289e-06 1.19956285e-05 3.71189817e-05 6.33859891e-05
  6.58249974e-07 6.35342672e-04 6.67823406e-06 9.71357396e-04
  3.14432218e-05 4.69683819e-02 8.52247655e-01 1.05388928e-02
  1.15784118e-03 7.51147105e-04 6.22531632e-04 1.47458375e-03
  2.81880912e-03 6.84948696e-04 2.63311551e-04 2.23157418e-04
  4.41819255e-04 1.79059035e-03 1.06124941e-03 1.79815223e-03
  1.12077233e-03 4.45069629e-04 6.28195237e-04 4.98507114e-04
  6.69760571e-04 9.35137796e-04 1.55474537e-03 1.30391750e-03
  2.56356434e-03 2.39885598e-03 7.56011752e-04 1.35832198e-03
  1.02098926e-03 1.00843003e-03 7.17868039e-04 1.55731192e-04
  5.92161261e-04 4.60220064e-04]
 [3.15381497e-01 4.58127052e-01 9.90898116e-05 9.74618830e-04
  8.45936220e-03 7.34487367e-06 3.13878227e-05 4.96389948e-05
  6.69702615e-07 8.83155590e-05 1.78219110e-03 2.31472164e-04
  1.03909713e-06 4.98136797e-04 1.78582603e-04 2.87218648e-03
  4.25204448e-03 1.78296849e-01 1.25886332e-02 1.68325641e-04
  1.30815140e-04 8.19498673e-04 2.06370969e-04 1.75603619e-03
  1.79543078e-03 6.78622164e-04 1.74682616e-04 1.67540566e-04
  1.61668926e-04 7.59674818e-04 8.25913856e-04 7.78575661e-04
  9.48530156e-04 2.32969818e-04 4.21356875e-04 1.72080574e-04
  3.50317248e-04 2.98970321e-04 4.11097339e-04 7.74950720e-04
  6.35045988e-04 1.47529668e-03 1.52517037e-04 5.84099093e-04
  2.04583965e-04 3.41231877e-04 3.24330409e-04 4.78880138e-05
  1.91254163e-04 9.01825551e-05]
 [7.60524690e-01 2.15864345e-01 1.93240230e-05 4.09250351e-04
  3.66217137e-04 9.80250618e-08 8.24370943e-07 7.02242551e-06
  9.46548084e-08 3.15934303e-05 7.62128155e-04 5.94679705e-06
  2.14484487e-07 4.32095003e-05 5.32716786e-06 6.90175148e-05
  6.67159038e-04 2.01939140e-02 8.34833263e-05 3.25270457e-06
  7.55963868e-07 4.51670203e-05 1.40306011e-05 1.27893611e-04
  7.72492931e-05 5.77571009e-05 1.44322685e-05 1.37732586e-05
  6.27014697e-06 4.42635137e-05 5.59311193e-05 5.11216203e-05
  8.67676208e-05 1.94093336e-05 1.88140384e-05 6.62931143e-06
  1.71005231e-05 1.59130122e-05 2.27408364e-05 5.57281055e-05
  2.81085686e-05 8.11773789e-05 3.98983366e-06 2.04497301e-05
  8.98729377e-06 1.61952066e-05 1.68110801e-05 2.89496393e-06
  9.18506157e-06 3.33244225e-06]
 [8.46415937e-01 1.42382994e-01 3.23981803e-05 6.32258598e-04
  3.41926818e-04 2.00847225e-07 8.88105092e-07 7.16638897e-06
  1.08758712e-07 1.09745288e-05 1.60031847e-03 5.42572843e-06
  1.75278657e-07 6.07268994e-05 1.26731848e-05 2.75945524e-04
  4.26570914e-04 6.98219193e-03 9.38581252e-06 1.01643820e-06
  4.68722533e-07 4.12439695e-05 9.17804027e-06 1.13488277e-04
  5.53476602e-05 5.44157265e-05 1.10834535e-05 1.01951327e-05
  5.17679746e-06 3.61149760e-05 5.07861805e-05 4.01720717e-05
  8.49261996e-05 1.49703783e-05 1.53325964e-05 3.94625886e-06
  1.27309922e-05 1.21577796e-05 2.13027561e-05 5.51478079e-05
  2.16446879e-05 6.66571723e-05 2.30922888e-06 1.48274121e-05
  6.73864861e-06 1.38227224e-05 1.49898769e-05 2.45741126e-06
  6.93208540e-06 2.20368133e-06]
 [9.29142952e-01 6.79947883e-02 3.31030787e-05 4.34477202e-04
  6.43938547e-05 1.45152597e-07 3.55001589e-07 4.93135849e-06
  1.10473671e-07 6.95975723e-06 5.19274909e-04 5.74833621e-07
  3.35090988e-07 1.94696131e-05 2.27846226e-06 3.33715579e-05
  4.12127702e-05 1.33893255e-03 1.53371298e-06 2.47139980e-07
  5.54937394e-08 1.31893376e-05 3.08946960e-06 5.21277434e-05
  2.11382394e-05 2.27571181e-05 4.11989549e-06 3.57266458e-06
  2.63725883e-06 1.74119195e-05 2.53366579e-05 1.77412385e-05
  4.16896291e-05 6.51718256e-06 7.27221777e-06 1.62710933e-06
  5.48678327e-06 5.99161194e-06 1.26618115e-05 2.75412876e-05
  9.99501935e-06 2.73827627e-05 9.92808623e-07 6.71207317e-06
  3.38480277e-06 6.93120273e-06 7.92279570e-06 1.29389025e-06
  3.02209537e-06 1.06294954e-06]
 [8.69299650e-01 1.28618270e-01 7.41867698e-05 3.42321116e-04
  5.57888270e-05 6.61254944e-07 1.29184525e-06 4.82202086e-06
  1.69551498e-07 1.96959195e-06 4.24684811e-04 9.75464218e-07
  5.47125296e-07 2.21682694e-05 3.00873012e-06 4.52171807e-05
  1.58615567e-05 9.53245850e-04 1.07910023e-06 9.40365865e-08
  2.34354776e-08 4.98217651e-06 1.02886690e-06 2.14135198e-05
  7.75965782e-06 8.85275222e-06 1.39562064e-06 1.14405088e-06
  1.16241063e-06 7.05929506e-06 1.04022829e-05 6.50708671e-06
  1.62725355e-05 2.23829647e-06 2.69546808e-06 5.36946345e-07
  1.84327018e-06 2.15341720e-06 5.13832356e-06 9.61901605e-06
  3.26909026e-06 8.32719343e-06 3.06418741e-07 2.08649681e-06
  1.10511814e-06 2.24584437e-06 2.79846040e-06 4.20365353e-07
  8.54658310e-07 3.28430360e-07]
 [9.43432987e-01 5.52433617e-02 4.79245646e-05 5.84525988e-04
  3.11683434e-05 1.65692370e-07 2.70425659e-07 3.21338939e-06
  1.20874262e-07 2.16682156e-06 3.04347603e-04 2.18068493e-07
  3.53755240e-07 6.27415875e-06 1.66419500e-06 7.45400894e-06
  6.62196135e-06 1.88265505e-04 8.54609610e-08 2.60890900e-08
  5.39665956e-09 1.77630034e-06 1.07186190e-06 1.83913562e-05
  7.59829481e-06 9.79847573e-06 1.50644871e-06 1.17906723e-06
  9.64837227e-07 8.36141680e-06 9.67726646e-06 7.79988386e-06
  2.08597212e-05 2.86766090e-06 1.84225223e-06 5.26562189e-07
  1.45057209e-06 2.35460311e-06 4.78977199e-06 1.09592875e-05
  4.49807703e-06 9.61457408e-06 3.97447650e-07 2.13523276e-06
  1.38419568e-06 2.09714517e-06 3.26668965e-06 5.36452262e-07
  7.71197222e-07 4.45310064e-07]
 [8.91723514e-01 1.07233249e-01 8.53484089e-05 3.66894907e-04
  2.80668446e-05 5.73629279e-07 8.94796074e-07 3.73042235e-06
  1.65856235e-07 1.10470955e-06 2.35866115e-04 3.81064467e-07
  5.35256731e-07 1.07144815e-05 1.85440331e-06 1.26488940e-05
  3.10547944e-06 2.10713828e-04 1.48874193e-07 1.97934842e-08
  4.10152579e-09 1.35462005e-06 5.42852717e-07 1.27170761e-05
  4.33623563e-06 5.92403785e-06 7.68209361e-07 5.69831627e-07
  7.07847960e-07 5.00665146e-06 6.25798566e-06 4.07473226e-06
  1.18825255e-05 1.39269207e-06 1.18076480e-06 2.60214051e-07
  8.02837747e-07 1.24569897e-06 3.10951577e-06 6.01700594e-06
  2.10665780e-06 4.54411429e-06 1.79119709e-07 1.04705282e-06
  6.63340188e-07 1.10826682e-06 1.82079555e-06 2.58574687e-07
  3.60684822e-07 2.00069209e-07]
 [9.48968709e-01 4.98539209e-02 5.31241894e-05 6.61226048e-04
  2.35896387e-05 1.85906686e-07 2.52573017e-07 2.97885299e-06
  1.15251467e-07 1.44649914e-06 2.33697632e-04 1.69273036e-07
  3.33369712e-07 4.59856938e-06 1.79089579e-06 4.88768865e-06
  2.58560794e-06 7.16270515e-05 2.32089565e-08 9.67585478e-09
  2.15794582e-09 9.07902063e-07 8.20584205e-07 1.55669877e-05
  5.88993453e-06 8.48440959e-06 1.13004467e-06 8.21358583e-07
  8.44763690e-07 7.68783684e-06 7.93984327e-06 6.46491071e-06
  1.89587117e-05 2.32423372e-06 1.22812332e-06 3.64230345e-07
  9.40470670e-07 1.85745489e-06 4.05989977e-06 8.98366397e-06
  3.77789297e-06 7.03946534e-06 3.11202399e-07 1.48910340e-06
  1.11088377e-06 1.47940455e-06 2.78837570e-06 4.37646975e-07
  4.82403038e-07 3.60516680e-07]
 [9.07536566e-01 9.16152894e-02 8.30332647e-05 3.94342933e-04
  2.00505237e-05 4.96313419e-07 6.54715166e-07 3.40587985e-06
  1.52214440e-07 9.67654159e-07 1.68508457e-04 2.48138122e-07
  4.79099413e-07 8.16239208e-06 1.41723331e-06 6.30186469e-06
  1.29602324e-06 8.55367689e-05 5.18894048e-08 9.16592668e-09
  1.74006343e-09 7.49485878e-07 4.60465657e-07 1.13974111e-05
  3.81861582e-06 5.73519947e-06 6.62152956e-07 4.59019191e-07
  6.44745455e-07 4.95876475e-06 5.50943105e-06 3.73326793e-06
  1.18145872e-05 1.26773602e-06 8.60541206e-07 2.02957708e-07
  5.82559608e-07 1.08232507e-06 2.79412689e-06 5.52519532e-06
  2.00990621e-06 3.86501051e-06 1.61264637e-07 8.40620430e-07
  6.01671957e-07 8.83137091e-07 1.71991667e-06 2.37218003e-07
  2.62107562e-07 1.83287597e-07]]
27804446-Q4968565	[[9.43474937e-04 1.53589603e-02 2.16106931e-03 3.99197862e-02
  3.17938335e-04 5.74814156e-03 1.17203163e-03 9.12138298e-02
  2.04058550e-03 1.88089702e-02 1.10047904e-03 1.78898927e-02
  4.28314786e-03 2.83491332e-03 1.94341154e-03 4.78210952e-03
  3.61697152e-02 7.49171615e-01 3.59442714e-03 1.18758428e-04
  3.32762247e-05 5.56995883e-06 1.98407542e-05 9.90385797e-06
  9.15080636e-06 5.79410016e-06 9.39691836e-06 1.11804520e-05
  1.72584078e-05 2.05354627e-05 9.96049130e-06 1.24782991e-05
  5.83556357e-06 9.03996897e-06 1.19777969e-05 1.60120362e-05
  1.30125663e-05 2.47172156e-05 2.20938055e-05 5.45826333e-06
  5.87217482e-06 6.54467112e-06 1.42494682e-05 1.10539067e-05
  2.69262036e-05 1.44154155e-05 1.64105531e-05 2.10332382e-05
  1.63842960e-05 2.13841540e-05]
 [2.31391794e-04 1.68192126e-02 1.50661403e-02 4.55241604e-03
  3.56638432e-02 1.18085697e-01 9.98701155e-03 6.28201440e-02
  3.00743897e-02 4.61249165e-02 3.41413170e-02 1.46507755e-01
  1.58129334e-01 2.74244659e-02 5.83952665e-02 6.96332892e-04
  1.93624139e-01 1.23667363e-02 1.44952923e-04 7.88856205e-03
  1.66950002e-03 8.80897278e-04 6.04703615e-04 1.10121886e-03
  3.45375156e-04 5.07161487e-04 4.46662511e-04 4.93902131e-04
  1.69836020e-03 6.06292451e-04 6.58802455e-04 4.17262985e-04
  3.65394022e-04 3.11399286e-04 4.82095900e-04 3.60892038e-04
  1.22335763e-03 5.17825421e-04 5.03740681e-04 3.75080504e-04
  2.84610229e-04 4.22451412e-04 6.46556844e-04 8.65059206e-04
  6.39282051e-04 1.20361103e-03 6.03272230e-04 7.04000064e-04
  1.37506844e-03 9.42150073e-04]
 [8.76288686e-06 5.25644864e-05 3.57069861e-04 3.88961816e-05
  4.31391018e-05 2.00016671e-04 1.22861165e-04 1.12710050e-05
  6.94831309e-04 2.66174728e-04 2.78597636e-05 2.23533862e-04
  8.05142918e-04 7.34431029e-04 5.56608755e-03 3.95719856e-02
  7.69999996e-03 8.37997010e-04 9.28322226e-03 8.41598287e-02
  1.70604244e-01 3.10203712e-02 8.35754424e-02 1.48387840e-02
  6.83567068e-03 1.62218213e-02 6.95043057e-03 4.62525804e-03
  2.79466100e-02 2.81171557e-02 6.08460791e-03 1.03244688e-02
  1.04195774e-02 4.96222265e-03 4.02146298e-03 4.37626392e-02
  2.16971468e-02 2.48185229e-02 1.05488598e-02 4.54485044e-03
  6.28689071e-03 1.24507993e-02 7.66880512e-02 2.37235632e-02
  3.37477289e-02 2.39336174e-02 1.57852862e-02 9.30989720e-03
  2.72870734e-02 8.81612375e-02]
 [5.59314649e-05 4.87903925e-03 3.75299491e-02 1.58774271e-03
  2.72252094e-02 6.05442794e-03 5.04361205e-02 9.87893343e-03
  2.17954352e-01 3.82474507e-04 3.94619294e-02 6.76374277e-03
  1.07323043e-02 1.14529453e-01 1.91907227e-01 7.14886049e-03
  8.30866396e-03 1.69045776e-01 6.76557720e-02 1.48143703e-02
  9.77030490e-03 9.67264205e-05 2.96808052e-04 1.23778300e-04
  7.23283229e-05 8.23041410e-05 1.20925040e-04 1.68743994e-04
  1.58719253e-04 1.38227682e-04 7.08414736e-05 1.35932598e-04
  1.33862603e-04 1.82693519e-04 6.59119250e-05 2.27922515e-04
  1.93394459e-04 1.27828913e-04 7.78973626e-05 5.09585807e-05
  5.03432384e-05 5.06181786e-05 1.44871170e-04 7.89647092e-05
  8.64682224e-05 9.14130796e-05 1.13412716e-04 1.45074213e-04
  1.86819991e-04 4.03594109e-04]
 [2.25861996e-07 2.84131675e-04 1.69935660e-03 2.52617951e-06
  1.19455752e-03 3.11029762e-05 1.62000060e-02 1.39172119e-03
  5.45683764e-02 9.97018014e-06 2.74428254e-04 6.24403730e-03
  3.96411913e-03 1.25414343e-04 3.14393867e-04 1.84074254e-03
  4.07198066e-04 8.77332091e-01 9.87284258e-03 4.67183813e-03
  1.34049430e-02 4.30961605e-04 2.42044232e-04 3.58745310e-04
  3.84588748e-05 5.01931354e-05 4.70438390e-04 7.51693558e-04
  3.82269878e-04 3.45958433e-05 1.12973656e-04 6.06221292e-05
  3.77443757e-05 2.97164457e-04 5.39310626e-04 4.30128915e-04
  4.02033445e-04 1.15764429e-04 1.60189695e-04 4.75647939e-05
  4.65387493e-05 3.18401981e-05 7.08617372e-05 4.24863792e-05
  3.05238536e-05 1.05683917e-04 4.92246072e-05 4.19459742e-04
  1.94460736e-04 2.11945851e-04]
 [1.83816418e-09 1.68600491e-05 9.04708140e-05 6.21142135e-06
  5.99741679e-06 1.88285554e-07 7.36779943e-02 1.94401200e-05
  4.55356808e-03 3.38660902e-04 1.59026866e-04 6.87049692e-07
  9.92512723e-05 3.04654008e-03 2.08540769e-07 6.67131244e-05
  9.72057969e-05 3.24782263e-03 8.85979272e-03 5.81695028e-02
  6.50096893e-01 9.71038416e-02 1.46807041e-02 3.50657315e-03
  4.83254000e-04 1.91380829e-03 2.46968004e-03 1.86055969e-03
  2.08579078e-02 2.31873011e-03 8.54155282e-04 1.63875637e-03
  1.44002482e-03 1.00851618e-03 4.74776747e-03 1.91722810e-02
  4.47677914e-03 4.82321018e-03 3.16011114e-03 1.82040632e-04
  6.28861482e-04 2.75502214e-04 1.66943087e-03 2.77807325e-04
  6.21640880e-04 6.28285459e-04 6.50329632e-04 6.67619519e-04
  8.43708985e-04 4.48503904e-03]
 [2.04908517e-07 1.57704517e-06 3.41268027e-08 7.86487764e-09
  3.38911741e-06 1.15810010e-08 1.54126099e-06 2.43454856e-09
  2.52023362e-08 2.04884346e-10 2.27978658e-09 7.88665844e-09
  1.61798269e-10 1.62253944e-08 7.94515387e-08 9.97321763e-07
  2.59884729e-07 2.50362558e-04 2.42412114e-03 3.45108612e-03
  7.05089271e-01 4.11960892e-02 2.38204561e-02 1.47839850e-02
  1.85632035e-02 1.52211795e-02 1.43365851e-02 6.41229004e-03
  4.13987227e-02 1.44140022e-02 5.22331381e-03 1.01326667e-02
  3.61074880e-03 1.78640545e-03 5.05768461e-03 2.27343105e-02
  3.94983590e-03 9.20265075e-03 6.70416933e-03 2.55417050e-04
  1.81749207e-03 1.12649775e-03 8.86257365e-03 2.07559648e-03
  3.95847159e-03 3.10982345e-03 1.22803857e-03 7.88316014e-04
  1.16569398e-03 5.84075321e-03]
 [2.36516357e-07 4.22775457e-07 1.31216202e-08 2.36860576e-09
  2.90067546e-04 9.37524263e-08 3.19640480e-06 8.93073775e-08
  1.25422970e-08 1.11699139e-08 7.73278046e-08 1.55549984e-07
  1.36641121e-09 5.66306646e-09 2.59855568e-07 4.52004824e-05
  3.71429451e-07 2.92916739e-05 4.86910358e-06 3.64241423e-04
  1.98872402e-01 4.63384539e-02 1.02208992e-02 7.28659034e-02
  8.53120014e-02 9.11761522e-02 3.18595245e-02 1.46495616e-02
  1.07706999e-02 6.28456986e-03 4.52723838e-02 8.27192068e-02
  6.88199922e-02 1.68091767e-02 2.98052393e-02 2.17727926e-02
  1.56912096e-02 1.10999579e-02 1.02794440e-02 8.89243558e-03
  3.37687656e-02 1.78651344e-02 1.12569211e-02 1.41972909e-02
  6.13238476e-03 1.77681725e-02 5.67974476e-03 3.94472992e-03
  4.68415674e-03 4.45202459e-03]
 [8.78950530e-08 3.40994376e-07 1.52129815e-07 9.32114119e-09
  3.17198434e-03 7.52315099e-09 1.03349760e-06 3.77986680e-07
  7.88288901e-08 2.37453146e-09 4.86385204e-07 3.39396991e-08
  1.63411751e-09 5.71186032e-09 3.41605613e-07 5.75682425e-05
  2.51782512e-06 2.01438015e-05 4.33551094e-07 9.61039914e-05
  8.02193359e-02 6.49101194e-03 4.99441149e-03 3.94940749e-02
  7.13385865e-02 1.31066471e-01 5.17607369e-02 2.30979454e-02
  1.89457962e-03 3.73053993e-03 4.17041928e-02 1.18756205e-01
  1.53758481e-01 4.21947427e-02 1.49799930e-02 1.52669400e-02
  1.10240858e-02 9.31332074e-03 7.35273818e-03 2.05969978e-02
  4.67326753e-02 4.13681865e-02 9.36976541e-03 1.24349911e-02
  5.43403346e-03 1.44469878e-02 6.10279059e-03 5.61367581e-03
  3.43306223e-03 2.67678569e-03]
 [9.15752025e-08 1.12150281e-06 2.69117404e-08 7.68712649e-09
  7.17458315e-04 6.72662281e-08 1.41613407e-06 5.60537785e-07
  5.84097926e-09 6.46353726e-09 1.55509412e-07 2.47608199e-07
  2.73145062e-10 2.74048659e-08 2.24160274e-07 3.03047418e-05
  3.11350476e-07 1.71924403e-05 2.06391633e-06 1.47035738e-04
  9.19491202e-02 7.12342933e-03 4.70142532e-03 4.25505675e-02
  9.06826556e-02 1.48589805e-01 7.07719103e-02 3.17352749e-02
  2.10424629e-03 4.13227221e-03 3.43812779e-02 9.65581462e-02
  1.10891595e-01 3.82725820e-02 1.22006005e-02 1.02325734e-02
  1.09067895e-02 9.56222508e-03 7.81448465e-03 2.24928297e-02
  5.55894934e-02 3.97744775e-02 8.19389988e-03 1.12683391e-02
  5.17477002e-03 1.41411060e-02 5.52116754e-03 6.23511290e-03
  3.43093299e-03 2.09853775e-03]
 [1.36240121e-08 7.73851738e-08 8.74708164e-08 1.39787089e-08
  5.47113304e-04 7.66217383e-08 5.10104485e-07 1.27614086e-07
  2.57314330e-08 5.75743675e-09 1.83139349e-07 3.27284049e-08
  7.19302506e-10 5.79761483e-09 3.82155577e-07 7.39947018e-06
  2.37963604e-07 1.56762690e-06 4.26470699e-08 2.69793163e-05
  4.51136343e-02 4.70489310e-03 5.04692551e-03 3.74804437e-02
  4.64902893e-02 1.08521394e-01 5.34600019e-02 2.55641714e-02
  1.59303343e-03 3.20098572e-03 4.07710969e-02 9.79657620e-02
  1.56587228e-01 5.61233610e-02 2.11546216e-02 1.94550324e-02
  1.44665241e-02 1.13416426e-02 8.97820387e-03 4.12142202e-02
  7.34852254e-02 4.93187532e-02 1.21609373e-02 1.34017719e-02
  6.34356355e-03 1.76472459e-02 9.42058768e-03 9.87359602e-03
  4.96485503e-03 3.56514053e-03]
 [4.79353048e-07 9.87642852e-06 5.38820366e-08 1.10746896e-07
  7.08084321e-04 5.45953526e-07 3.93671053e-06 3.91750473e-06
  2.19197656e-08 1.39628000e-07 6.00143551e-07 3.23850259e-06
  4.01098132e-09 2.70929036e-07 2.88319302e-06 7.27884617e-05
  1.08783115e-06 8.92048265e-05 1.05975732e-06 1.68512139e-04
  1.82783157e-01 1.01709217e-02 8.12946912e-03 5.41093610e-02
  7.32209682e-02 1.29633501e-01 7.22023621e-02 3.56496200e-02
  2.50590662e-03 5.20391576e-03 2.39945184e-02 6.50209337e-02
  7.70883411e-02 3.21087502e-02 1.11042559e-02 1.01159951e-02
  1.13829970e-02 1.02099655e-02 8.80611967e-03 2.36177519e-02
  4.89533879e-02 3.18448246e-02 7.78411329e-03 1.19894985e-02
  6.34836126e-03 1.78991314e-02 7.88436551e-03 1.04280422e-02
  5.44386450e-03 3.29880277e-03]
 [4.54459510e-08 7.95854078e-07 4.78728282e-07 8.43619006e-08
  2.28563929e-03 1.75401738e-07 4.93900245e-07 4.80165852e-07
  1.47078296e-07 3.61249164e-08 5.95682479e-07 1.47800606e-07
  2.95090374e-09 2.45974920e-08 2.50038465e-06 4.49736672e-06
  1.58646083e-06 3.60711806e-06 1.53173314e-08 1.57604882e-05
  4.30354923e-02 4.77163587e-03 7.31531810e-03 3.74755301e-02
  3.45922112e-02 8.48493502e-02 4.56092320e-02 2.40642838e-02
  1.61178061e-03 3.64613649e-03 3.92500907e-02 9.56516638e-02
  1.55350551e-01 6.31299466e-02 2.46004649e-02 2.74361987e-02
  1.66489128e-02 1.41100753e-02 1.13511076e-02 4.91637327e-02
  7.86009356e-02 4.67825942e-02 1.38985272e-02 1.34517411e-02
  7.72038009e-03 1.96359940e-02 1.07509550e-02 1.21144783e-02
  6.06904645e-03 4.99445433e-03]
 [4.70183352e-07 1.11288882e-05 3.78386886e-08 1.74286512e-07
  3.68100184e-04 3.31458892e-07 1.29984448e-06 1.63528000e-06
  1.08608962e-08 8.38417407e-08 3.78734711e-07 1.34793777e-06
  2.01980654e-09 1.94818583e-07 1.26344639e-06 2.41529779e-05
  7.89857779e-07 6.93235488e-05 3.96635102e-07 1.31643406e-04
  1.98612019e-01 9.12254862e-03 9.08016507e-03 5.50929755e-02
  6.88769966e-02 1.18258230e-01 7.13068694e-02 3.75775099e-02
  2.67353421e-03 6.09411160e-03 2.25345753e-02 6.05981164e-02
  6.94416985e-02 3.16711217e-02 1.04317237e-02 1.00180116e-02
  1.17176007e-02 1.15549779e-02 1.04096066e-02 2.49676220e-02
  5.01240641e-02 3.11479494e-02 8.04263167e-03 1.26883192e-02
  7.41808908e-03 2.01470517e-02 8.16889107e-03 1.17951632e-02
  6.12445595e-03 3.69061646e-03]
 [3.07513943e-08 1.65670156e-06 7.68047016e-07 1.44931164e-07
  3.28362500e-03 2.88582640e-07 2.59669491e-07 8.76462423e-07
  2.93359818e-07 8.78896813e-08 8.83139478e-07 3.20485157e-07
  3.37976247e-09 6.41887965e-08 3.77893502e-06 3.72302429e-06
  2.50021640e-06 3.43608986e-06 4.26855928e-09 9.22737763e-06
  3.25256102e-02 4.51991102e-03 8.62627756e-03 3.72926630e-02
  2.83081029e-02 7.65939727e-02 4.12385091e-02 2.13575531e-02
  1.47886062e-03 3.49070691e-03 3.42945307e-02 8.23190734e-02
  1.50589511e-01 6.33572116e-02 2.63053738e-02 3.34033035e-02
  1.80104878e-02 1.52195934e-02 1.21071218e-02 6.40726909e-02
  8.99674147e-02 4.89705913e-02 1.66194681e-02 1.43078836e-02
  8.68759397e-03 2.14365646e-02 1.30126448e-02 1.46247353e-02
  7.23799458e-03 6.71205251e-03]
 [1.24207634e-06 2.74357444e-05 6.71271891e-08 8.26788323e-07
  8.47855874e-04 6.18181446e-07 1.80584595e-06 3.35840082e-06
  2.17945857e-08 2.03699514e-07 9.21575293e-07 2.01036346e-06
  5.35218492e-09 5.33760215e-07 3.40222368e-06 2.97082333e-05
  2.10416442e-06 1.26828934e-04 2.71104454e-07 1.09216657e-04
  1.92437589e-01 9.80270281e-03 8.95542372e-03 5.43607399e-02
  6.25720844e-02 1.19765691e-01 6.45819157e-02 3.45567726e-02
  2.50625215e-03 6.13714987e-03 2.22415924e-02 5.63508980e-02
  7.59809390e-02 3.07158101e-02 1.05985813e-02 9.97477211e-03
  1.22785540e-02 1.15780169e-02 1.04643563e-02 3.06056347e-02
  5.06176949e-02 3.53200696e-02 8.42205994e-03 1.48363207e-02
  7.88323674e-03 2.25736052e-02 9.48205125e-03 1.24106416e-02
  6.76595420e-03 4.06444445e-03]
 [2.06953281e-08 1.03536127e-06 4.14409413e-07 1.21732654e-07
  2.94582709e-03 1.97658693e-07 8.85834268e-08 6.03591559e-07
  1.79024525e-07 7.60439249e-08 5.86496867e-07 2.67332524e-07
  2.04680672e-09 5.66785801e-08 2.60171191e-06 3.28615056e-06
  2.94002280e-06 3.37311303e-06 3.76818798e-09 8.85712689e-06
  3.23338099e-02 4.64378437e-03 8.43804423e-03 3.82390991e-02
  2.76102703e-02 7.45749250e-02 3.91643755e-02 2.08457187e-02
  1.46759930e-03 3.70243285e-03 3.55628319e-02 8.17069262e-02
  1.53145641e-01 6.23394959e-02 2.46889703e-02 2.94649191e-02
  1.82276107e-02 1.59589779e-02 1.30117610e-02 6.74459562e-02
  8.82556438e-02 5.17867878e-02 1.59991104e-02 1.56702492e-02
  9.32265352e-03 2.30852440e-02 1.25350561e-02 1.42216329e-02
  7.34856818e-03 6.23135734e-03]
 [1.39588701e-06 4.11592955e-05 8.36617389e-08 1.38553798e-06
  1.23117492e-03 7.89126091e-07 1.44868955e-06 4.34061576e-06
  2.37812312e-08 2.99267782e-07 1.05274569e-06 2.45921183e-06
  6.45934017e-09 8.76161039e-07 4.14092028e-06 3.94589551e-05
  3.01676096e-06 1.31020075e-04 2.42570650e-07 1.01170393e-04
  1.94307476e-01 1.03219841e-02 8.67869146e-03 5.31410500e-02
  5.83140627e-02 1.19303793e-01 6.01304434e-02 3.26021910e-02
  2.32164236e-03 6.04385557e-03 2.19450314e-02 5.22873215e-02
  7.80526400e-02 2.93096844e-02 1.04105566e-02 9.34204273e-03
  1.20228576e-02 1.12781692e-02 1.03406021e-02 3.61846909e-02
  5.14781363e-02 3.87214720e-02 8.61401390e-03 1.63670834e-02
  8.32979009e-03 2.42475159e-02 1.03622489e-02 1.27887186e-02
  7.10610021e-03 4.08059312e-03]
 [1.73362853e-08 9.82258825e-07 3.23726482e-07 1.32036561e-07
  3.10467160e-03 1.84632952e-07 6.16318019e-08 4.44382152e-07
  1.29416463e-07 7.36967394e-08 4.62637246e-07 2.23252542e-07
  1.44509482e-09 4.61915732e-08 2.46156378e-06 2.41811426e-06
  3.19882815e-06 2.92213690e-06 3.60539709e-09 7.33474280e-06
  3.08337063e-02 4.75607626e-03 8.15298036e-03 3.73269394e-02
  2.58671585e-02 7.28729740e-02 3.61535214e-02 1.98049713e-02
  1.38442253e-03 3.73802311e-03 3.60718630e-02 7.75143057e-02
  1.57187656e-01 6.05781004e-02 2.43623629e-02 2.80441865e-02
  1.85011867e-02 1.63260642e-02 1.34966616e-02 7.47658089e-02
  8.62581581e-02 5.50344773e-02 1.59373041e-02 1.70371607e-02
  9.85029154e-03 2.45048422e-02 1.28838373e-02 1.40068224e-02
  7.50405341e-03 6.11798093e-03]
 [1.50667665e-06 5.32273370e-05 8.62414424e-08 1.97409850e-06
  1.53808738e-03 9.27139524e-07 1.25126178e-06 4.77944468e-06
  2.19467413e-08 4.00144756e-07 1.17703678e-06 3.01609498e-06
  6.50627952e-09 1.26131499e-06 4.40446684e-06 5.08871963e-05
  3.70377961e-06 1.30499306e-04 2.10709118e-07 9.62447157e-05
  1.92508444e-01 1.04886377e-02 8.48764926e-03 5.22270389e-02
  5.50832078e-02 1.16865709e-01 5.72036989e-02 3.13360728e-02
  2.19310634e-03 5.98526606e-03 2.14856714e-02 4.92614582e-02
  7.78283402e-02 2.83129700e-02 1.01682823e-02 8.88508186e-03
  1.18815405e-02 1.12212878e-02 1.03953443e-02 4.17205095e-02
  5.39764278e-02 4.22167480e-02 9.08174459e-03 1.79667734e-02
  8.99356790e-03 2.61288416e-02 1.10945497e-02 1.34105692e-02
  7.52358604e-03 4.17410163e-03]]
27804446-Q4968566	[[4.12247988e-04 7.53731886e-03 2.68835085e-03 4.12701927e-02
  3.09248193e-04 4.51584021e-03 1.10619632e-03 7.14270324e-02
  1.82331470e-03 1.99485030e-02 1.10722962e-03 1.87869016e-02
  3.87250655e-03 2.99251382e-03 2.13282276e-03 5.05303731e-03
  3.74471843e-02 7.73379803e-01 3.63433920e-03 1.21137928e-04
  3.43539468e-05 5.92466813e-06 2.12962968e-05 1.04919109e-05
  9.61145906e-06 6.06501726e-06 9.76553747e-06 1.16269621e-05
  1.78124665e-05 2.10974649e-05 1.01528676e-05 1.26339773e-05
  5.94247558e-06 9.16754198e-06 1.22397487e-05 1.61194857e-05
  1.31664319e-05 2.48706274e-05 2.22766485e-05 5.49285869e-06
  5.87361410e-06 6.56478733e-06 1.42142489e-05 1.10961437e-05
  2.68658496e-05 1.44488622e-05 1.64288249e-05 2.10462204e-05
  1.64365665e-05 2.12435971e-05]
 [1.40801262e-07 4.61277050e-05 5.44805735e-05 3.89864878e-03
  4.97840983e-06 6.34518001e-05 2.90951793e-05 3.43744468e-04
  4.78270249e-06 9.48175788e-03 3.70691065e-04 2.70420976e-04
  6.02065884e-05 2.13763770e-03 1.01880078e-05 8.70171607e-06
  9.81618941e-01 1.52157946e-03 1.48292183e-05 7.88867510e-06
  1.23583959e-06 1.37320148e-06 1.14235115e-06 1.97046552e-06
  5.41621830e-07 5.69274164e-07 8.13276131e-07 1.13045689e-06
  3.99316013e-06 1.37717655e-06 1.41726991e-06 1.37174732e-06
  9.55519226e-07 1.12120733e-06 1.23282950e-06 1.06966559e-06
  4.62430353e-06 1.49725804e-06 9.24954179e-07 1.21887331e-06
  1.23359405e-06 1.79350491e-06 1.64636049e-06 2.64338087e-06
  1.54992586e-06 2.97924112e-06 1.41627413e-06 1.47909918e-06
  4.77926005e-06 2.58048294e-06]
 [1.06795595e-09 5.76394405e-06 8.29865439e-06 2.96030862e-06
  2.42433001e-04 1.20561072e-05 8.81510059e-05 1.38635252e-04
  2.97930470e-04 4.06221125e-06 1.23027072e-04 4.52598836e-03
  1.66915663e-04 4.35186783e-03 2.92011420e-04 7.70168626e-05
  8.16241838e-04 9.86124814e-01 6.81246398e-04 1.51285040e-03
  3.54759017e-04 1.08045264e-04 4.48298260e-06 1.04959045e-05
  1.03729371e-06 1.39094254e-06 1.55274620e-06 2.31242916e-06
  1.38933110e-05 7.46987155e-07 1.76036804e-06 2.75917682e-06
  1.21123048e-06 7.36468053e-07 1.27875455e-06 1.15411206e-06
  5.97112648e-06 5.14659064e-07 1.82005138e-07 1.27359954e-07
  4.45728347e-07 1.04047206e-06 5.24626103e-07 1.62883066e-06
  2.20156082e-07 1.55718760e-06 8.45045520e-07 6.90408228e-07
  3.96710720e-06 2.42139049e-06]
 [1.98517682e-07 1.08547420e-05 3.63251070e-06 6.37136254e-05
  3.96504129e-06 1.51572598e-03 6.58908493e-06 8.12599377e-04
  1.10041547e-05 5.02567692e-03 5.70300144e-05 3.58636715e-02
  1.75909989e-03 9.12014365e-01 1.64699194e-03 2.73405494e-05
  2.38169897e-02 7.08700577e-03 5.26243821e-03 4.71617142e-03
  1.39991287e-04 9.05723282e-05 1.52124048e-05 6.18768308e-06
  1.20199570e-06 2.95430073e-06 1.52456414e-06 1.15081343e-06
  1.03148759e-05 9.09694847e-07 1.07063909e-06 1.54261022e-06
  1.79501239e-06 6.54160374e-07 4.45908483e-07 8.10757683e-07
  3.71529632e-06 4.54178405e-07 1.56379244e-07 2.29374947e-07
  4.33606601e-07 1.08561755e-06 1.07930805e-06 1.76867354e-06
  3.21078744e-07 1.27621649e-06 1.22855852e-06 7.08074595e-07
  2.66157645e-06 3.40787824e-06]
 [2.94816277e-06 1.66684928e-04 1.25482447e-05 3.73056318e-05
  2.82532965e-05 2.01999443e-03 5.40380133e-04 2.41532598e-05
  3.25498777e-03 7.43771787e-04 6.23396598e-04 1.87508047e-01
  3.07335029e-03 1.68388933e-01 5.64316064e-02 2.94465542e-01
  1.08311802e-01 1.54794052e-01 9.11431201e-03 2.99329101e-03
  2.78208172e-03 8.86234280e-04 2.14463173e-04 2.45535979e-04
  7.64050565e-05 4.59368457e-05 6.67528584e-05 6.48323767e-05
  5.55168081e-04 1.50423657e-04 5.57278472e-05 3.65944870e-04
  8.55532926e-05 6.73158138e-05 2.60600955e-05 6.47405686e-05
  1.59263902e-04 5.10442187e-05 2.01752828e-05 7.83693849e-06
  1.29036125e-04 8.25728421e-05 9.84221188e-05 1.05417712e-04
  5.28460587e-05 9.62762206e-05 1.19468546e-04 7.46702281e-05
  2.99529842e-04 4.14895185e-04]
 [9.23369271e-07 1.59520641e-04 6.71937875e-03 1.59734365e-04
  1.22167543e-03 3.28577182e-04 7.81975128e-03 6.50140410e-03
  6.61081597e-02 4.15218557e-04 4.41480391e-02 1.59929637e-02
  8.67579505e-03 8.13413322e-01 4.17337101e-03 2.18243874e-03
  2.11432506e-03 1.68665405e-02 1.65480608e-03 2.01273127e-04
  3.71800532e-04 3.53759642e-05 7.08420994e-05 2.90026437e-05
  1.45219765e-05 7.02474654e-06 3.15163743e-05 3.47038040e-05
  2.99593194e-05 1.72327946e-05 7.67987967e-06 4.47475613e-05
  1.30169065e-05 3.72209579e-05 1.25135839e-05 3.10373798e-05
  2.09794616e-05 1.50346550e-05 9.77564468e-06 5.32890863e-06
  4.42468263e-05 1.32321366e-05 2.97936385e-05 1.12552934e-05
  1.42337249e-05 1.07700716e-05 2.19396206e-05 4.28110397e-05
  3.90179448e-05 7.61202682e-05]
 [7.35111438e-09 6.15240773e-04 1.19370688e-03 4.77850590e-05
  9.58289020e-05 1.78676401e-03 1.06572717e-01 5.95146641e-02
  8.84038396e-03 1.94633640e-02 2.69156619e-04 8.76145586e-02
  1.12829870e-02 6.63960934e-01 5.51691279e-04 2.92515829e-02
  4.65450517e-04 8.41651298e-03 3.60588569e-06 2.97764327e-05
  9.58577311e-06 3.63595927e-06 2.21782443e-07 2.58357545e-06
  1.33309982e-07 5.54892559e-08 4.06576163e-07 5.81804500e-07
  8.60534612e-07 3.91099846e-08 4.75528132e-08 6.15595184e-08
  1.94225773e-08 1.16387206e-07 5.33593493e-07 5.82509294e-08
  4.89224419e-07 4.62952272e-08 8.42108463e-08 1.08607153e-07
  3.57934454e-07 1.03054944e-07 8.15031953e-08 1.54805178e-07
  6.40798135e-08 3.71996379e-07 1.65176630e-07 7.70395332e-07
  1.38439793e-06 1.87197131e-07]
 [2.87421944e-11 3.35500687e-07 7.98238398e-05 7.56735108e-06
  2.42125134e-06 3.79909011e-07 3.08415703e-02 1.03114280e-06
  8.89893097e-04 5.45564282e-04 6.27927259e-02 1.25420138e-06
  5.41772344e-04 1.15221366e-02 1.39856365e-06 3.63092622e-05
  8.92619073e-01 1.11900576e-04 1.43358232e-08 1.00911393e-06
  3.23979890e-07 4.63707636e-07 2.09532018e-08 2.40103304e-07
  4.68625494e-09 1.07797984e-08 5.59464404e-08 9.87803901e-08
  2.31664743e-07 6.37813935e-09 8.07776672e-08 2.38619435e-08
  2.61175970e-08 9.85210988e-08 2.45570419e-07 4.05087839e-08
  5.68385531e-07 1.99187369e-08 2.17038902e-08 1.02441248e-07
  3.42690427e-08 5.79867638e-08 3.77189657e-08 1.00087860e-07
  1.49632431e-08 1.93962663e-07 3.74020281e-08 2.44988655e-07
  3.38911406e-07 9.22052550e-08]
 [3.69694497e-10 3.84494996e-07 8.76053964e-05 3.46840295e-07
  1.84660330e-05 1.57139439e-05 1.58712453e-06 2.80039589e-04
  7.56022855e-05 2.85459919e-06 9.17354828e-06 4.25476872e-04
  2.38359265e-04 5.36000016e-06 8.37290008e-06 1.24331549e-04
  5.05585376e-06 9.97251093e-01 6.39656992e-06 4.01248573e-04
  5.21786860e-05 1.79550712e-04 8.19281809e-07 3.61573620e-05
  1.11459940e-06 1.73490275e-06 1.77577385e-06 2.85753549e-06
  1.50829466e-04 1.87792659e-06 1.36946828e-05 1.78024602e-05
  6.68098619e-06 3.42389262e-06 7.11140237e-05 7.04243712e-06
  1.69732288e-04 2.85791702e-06 1.43317504e-06 3.60001695e-06
  1.37367360e-05 1.83207758e-05 3.80281449e-06 2.16574244e-05
  1.50504013e-06 4.75775632e-05 9.23805874e-06 8.01254464e-06
  1.77847367e-04 1.45780659e-05]
 [3.66882027e-08 5.91868684e-07 8.95465317e-04 2.37890731e-07
  9.17059195e-04 1.04387425e-06 2.58821751e-06 8.43580128e-05
  4.44866763e-03 1.01525643e-06 3.59499565e-04 2.95660982e-04
  3.95407109e-03 1.32402738e-05 2.97749393e-05 9.15302546e-04
  3.17322883e-06 9.87883151e-01 1.58772775e-04 1.77526235e-05
  2.39266456e-06 1.30426054e-06 1.49851047e-07 1.78895277e-06
  6.51525113e-07 1.08897900e-07 1.39513588e-07 2.44453815e-07
  8.53141444e-07 1.35778677e-07 4.79768119e-07 4.92630136e-07
  1.26853749e-07 1.71130381e-07 3.42470366e-06 4.90309105e-07
  1.48416098e-06 2.40258714e-07 2.45282592e-07 1.37665879e-07
  3.56327718e-07 2.60435513e-07 1.31972214e-07 4.39306177e-07
  1.12815094e-07 5.04056743e-07 1.59784193e-07 1.79701956e-07
  1.03389834e-06 2.08683048e-07]
 [1.14127056e-06 1.21092728e-06 1.48385152e-04 7.14105397e-08
  4.20466640e-05 8.53986251e-08 1.27415035e-07 6.53983307e-06
  1.44042260e-05 3.85571290e-08 6.17759861e-06 8.46141302e-06
  1.73335793e-04 3.04110927e-07 8.60739533e-07 6.33428851e-03
  2.07270227e-06 9.86143053e-01 7.03109801e-03 5.88413823e-05
  3.22988149e-06 1.33497031e-06 4.06870441e-07 2.21236428e-06
  2.60606635e-06 2.96020659e-07 3.02352959e-07 5.34859907e-07
  1.13945543e-06 7.49843821e-07 1.02375634e-06 1.19748847e-06
  2.90489226e-07 3.12475890e-07 2.69280008e-06 4.79837297e-07
  1.18917058e-06 5.92339802e-07 8.17434284e-07 3.22900803e-07
  8.01480724e-07 6.50678317e-07 2.24788224e-07 1.00128739e-06
  3.54529988e-07 8.65378468e-07 2.56813649e-07 2.63527369e-07
  1.07026619e-06 2.89880120e-07]
 [1.55264911e-06 7.45974432e-07 1.39112497e-04 1.00589645e-07
  5.96847349e-05 1.25381050e-07 2.31964037e-07 8.59199918e-06
  2.05887773e-05 7.31179455e-08 1.30076623e-05 8.87514216e-06
  2.18430345e-04 2.87310399e-07 1.27361284e-06 6.42352796e-04
  1.09721923e-05 9.98281479e-01 5.39628440e-04 1.98563266e-05
  2.73682895e-06 1.71345766e-06 6.51801258e-07 2.41722455e-06
  4.48183073e-06 4.97512701e-07 4.73910262e-07 8.98258236e-07
  1.26860652e-06 1.07853180e-06 1.72132422e-06 1.69838790e-06
  4.60511671e-07 4.55034552e-07 3.03147112e-06 6.59582724e-07
  9.38276116e-07 8.95325627e-07 1.09333280e-06 3.34125389e-07
  8.57779753e-07 6.41480710e-07 2.58805926e-07 9.85215934e-07
  4.49858049e-07 7.09273422e-07 3.22985215e-07 3.26681544e-07
  6.54858070e-07 3.45920910e-07]
 [7.47296212e-07 4.04365579e-07 3.66329477e-05 5.48219283e-08
  5.65370683e-05 6.54341648e-08 2.53993250e-07 9.81803805e-06
  1.41385271e-05 5.13069978e-08 2.47786065e-05 1.34357497e-05
  9.28629379e-05 2.99581615e-07 1.54783152e-06 3.98502161e-04
  1.81753458e-05 9.99229550e-01 6.36003533e-05 1.57791037e-05
  3.08359267e-06 1.96546421e-06 7.80687799e-07 2.02067326e-06
  2.20696211e-06 3.13954047e-07 3.03565429e-07 5.96234202e-07
  6.70846362e-07 7.52644723e-07 1.18496882e-06 9.23958908e-07
  3.05034149e-07 3.00271495e-07 1.73435058e-06 4.17984864e-07
  4.71205567e-07 6.25985479e-07 8.26424582e-07 2.37397302e-07
  4.49955621e-07 3.18616884e-07 1.46970734e-07 5.04155651e-07
  3.22957334e-07 4.06215776e-07 2.33302600e-07 2.39655435e-07
  3.27319412e-07 2.23980095e-07]
 [1.31296247e-06 4.03532709e-07 2.39696164e-05 4.84935399e-08
  4.38458192e-05 5.33002833e-08 2.06011578e-07 1.39865679e-05
  1.22835545e-05 5.53675292e-08 2.20990769e-05 1.00634597e-05
  7.17629664e-05 1.84647149e-07 7.72580620e-07 1.29637614e-04
  1.19274600e-05 9.99584138e-01 2.77094932e-05 1.68551960e-05
  3.21476045e-06 2.64953178e-06 1.12120324e-06 2.61505511e-06
  2.73408818e-06 4.11931040e-07 3.95152568e-07 7.67115409e-07
  7.56778945e-07 9.57698830e-07 1.58866055e-06 1.17655486e-06
  4.10874435e-07 4.05977630e-07 2.16591525e-06 5.46243768e-07
  5.41949419e-07 8.30400097e-07 1.10825169e-06 3.14982998e-07
  5.69104373e-07 3.92020638e-07 1.84288282e-07 6.02209354e-07
  4.27886931e-07 4.82860855e-07 3.04652986e-07 3.18750949e-07
  3.61778518e-07 2.81189955e-07]
 [3.35641380e-06 4.50009651e-07 1.98045509e-05 6.40274038e-08
  4.34662834e-05 5.08568121e-08 2.16157218e-07 2.94313813e-05
  1.24698172e-05 6.90373483e-08 2.90794796e-05 8.80834614e-06
  5.95261517e-05 1.26369414e-07 6.89377714e-07 9.47832159e-05
  1.06288962e-05 9.99613583e-01 1.57777049e-05 1.66834852e-05
  3.36677840e-06 3.44272644e-06 1.55201292e-06 3.63418803e-06
  3.98893553e-06 6.29998624e-07 5.84828570e-07 1.11117038e-06
  1.02264335e-06 1.42690044e-06 2.68980079e-06 2.02963247e-06
  7.28976374e-07 6.98288602e-07 3.25442943e-06 8.27837312e-07
  7.88946920e-07 1.29612590e-06 1.75674006e-06 4.86506849e-07
  8.77852074e-07 5.96603286e-07 2.62022866e-07 8.53831466e-07
  6.40971507e-07 7.07379400e-07 4.57561185e-07 4.77018716e-07
  5.00306669e-07 4.00045025e-07]
 [1.18956132e-05 4.22902474e-07 1.38870500e-05 6.55501822e-08
  2.59676417e-05 4.16748946e-08 1.60944708e-07 5.26702788e-05
  1.08874374e-05 9.35796649e-08 3.40032784e-05 5.40472274e-06
  4.93100815e-05 7.28376790e-08 5.37805533e-07 7.06729916e-05
  8.14485520e-06 9.99629378e-01 9.64880837e-06 1.50136057e-05
  3.14805811e-06 4.25557892e-06 2.01963780e-06 5.04502486e-06
  6.02492037e-06 1.00316174e-06 9.00707164e-07 1.67655628e-06
  1.43437921e-06 2.18513037e-06 4.91018500e-06 3.89307615e-06
  1.42921226e-06 1.32502998e-06 5.20390540e-06 1.30547801e-06
  1.25408735e-06 2.13801377e-06 2.95821565e-06 7.81385381e-07
  1.41864200e-06 9.61648539e-07 3.70775723e-07 1.24007977e-06
  9.66373932e-07 1.08432891e-06 6.97434473e-07 7.31978616e-07
  7.39396626e-07 5.74435717e-07]
 [8.37980260e-05 6.05694765e-07 7.59080331e-06 6.64051925e-08
  1.14181739e-05 3.16879323e-08 1.48743354e-07 8.17631517e-05
  7.14364842e-06 1.43223218e-07 8.12634535e-05 4.33321793e-06
  4.18847303e-05 9.17116552e-08 5.19699256e-07 1.03757491e-04
  8.86897215e-06 9.99462426e-01 5.36789594e-06 1.19684264e-05
  2.48635570e-06 4.88349497e-06 2.19960452e-06 6.42752093e-06
  9.15690271e-06 1.67569760e-06 1.40155794e-06 2.51361848e-06
  1.78670780e-06 3.02832109e-06 7.82625102e-06 6.71577936e-06
  2.60800539e-06 2.24709402e-06 7.20501384e-06 1.71462932e-06
  1.79803556e-06 3.12507291e-06 4.46050080e-06 1.22831307e-06
  2.18009268e-06 1.53833446e-06 4.53914907e-07 1.61734704e-06
  1.28328963e-06 1.50289827e-06 9.62941385e-07 9.99943609e-07
  9.85628390e-07 6.95393453e-07]
 [1.37142441e-03 1.57873455e-06 5.21173934e-06 9.31856263e-08
  4.30258751e-06 2.44693652e-08 1.88846826e-07 1.27137697e-04
  5.19490777e-06 2.42938029e-07 3.73444753e-04 4.36023993e-06
  4.76892747e-05 2.55580403e-07 7.43159262e-07 2.35299885e-04
  1.23225082e-05 9.97657418e-01 4.00050158e-06 1.26986397e-05
  1.89928267e-06 6.88564705e-06 2.36140409e-06 9.25328823e-06
  1.65142028e-05 3.59111596e-06 2.58017803e-06 4.36004393e-06
  2.34143454e-06 4.40495660e-06 1.28660331e-05 1.18074031e-05
  5.26565645e-06 3.88238823e-06 1.04303663e-05 2.12447208e-06
  2.75633079e-06 4.67544623e-06 6.96476036e-06 2.32805951e-06
  3.73705143e-06 3.03083334e-06 5.49863614e-07 2.31447166e-06
  1.76366962e-06 2.32168077e-06 1.49624464e-06 1.45650961e-06
  1.44790363e-06 8.33398133e-07]
 [1.29112126e-02 3.47679361e-06 7.99842837e-06 1.62920998e-07
  2.57753641e-06 3.42193438e-08 3.14040847e-07 2.25900134e-04
  6.52775407e-06 4.44910711e-07 1.47180771e-03 4.98804820e-06
  8.10315760e-05 6.26956933e-07 1.42596048e-06 4.37806972e-04
  2.17426459e-05 9.84536588e-01 3.37393976e-06 1.68305069e-05
  1.61648597e-06 1.65218098e-05 2.77657955e-06 1.73513399e-05
  3.06846341e-05 8.82995300e-06 4.82621181e-06 7.85893280e-06
  3.85306112e-06 7.00673127e-06 2.78088173e-05 2.21612299e-05
  1.29037080e-05 7.09616324e-06 2.12938812e-05 2.89676427e-06
  5.43698388e-06 8.29086912e-06 1.40998536e-05 5.72827958e-06
  6.99443353e-06 7.31517275e-06 6.92527522e-07 4.11501242e-06
  2.78978428e-06 4.67260634e-06 3.08068525e-06 2.45213687e-06
  2.73521437e-06 1.11721226e-06]
 [3.64722386e-02 2.69405041e-06 2.03867203e-05 2.01410430e-07
  1.61100604e-06 1.25426453e-07 3.90162540e-07 2.61862471e-04
  9.12395990e-06 4.04050354e-07 2.14136904e-03 3.42411931e-06
  1.66967569e-04 6.21593585e-07 1.79743336e-06 4.47749771e-04
  2.25997483e-05 9.59907532e-01 3.96307678e-06 2.10860671e-05
  1.61180833e-06 3.70199050e-05 3.34357514e-06 3.08012095e-05
  4.74175940e-05 1.72144264e-05 7.54148368e-06 1.21042522e-05
  8.10879101e-06 1.30670887e-05 6.33274612e-05 4.09515924e-05
  2.89793534e-05 1.23346908e-05 4.58479517e-05 4.38330107e-06
  1.11231220e-05 1.60511499e-05 3.27124108e-05 1.23678137e-05
  1.23675200e-05 1.43764582e-05 9.71829309e-07 7.26748067e-06
  4.83542726e-06 9.56179156e-06 6.58654926e-06 4.32033494e-06
  5.38615086e-06 1.79767858e-06]]
27804446-Q12033817	[[1.49861875e-03 9.58872307e-03 7.69130560e-03 5.01848310e-02
  5.30118879e-04 2.54222751e-02 3.84713116e-04 1.80927757e-02
  1.06585957e-03 5.33748046e-02 2.72130617e-03 5.11404388e-02
  4.15467983e-03 1.02683296e-02 1.89128574e-02 9.00130533e-03
  1.79172978e-02 7.09350049e-01 7.31944665e-03 1.21097713e-04
  8.95325720e-05 1.58723433e-05 5.98342849e-05 2.95130249e-05
  2.56444710e-05 1.76742324e-05 3.64547086e-05 4.77745743e-05
  5.67594689e-05 8.34299863e-05 3.03308971e-05 2.51589663e-05
  1.57837512e-05 3.36507874e-05 5.47708914e-05 3.73195653e-05
  3.14497593e-05 7.40119940e-05 7.95492597e-05 1.27995891e-05
  1.11503914e-05 1.55120724e-05 3.34643046e-05 2.90681091e-05
  8.31800498e-05 3.77104225e-05 4.23614183e-05 5.95615202e-05
  4.23773017e-05 4.74523149e-05]
 [4.49982984e-03 4.02574360e-01 1.11040547e-02 9.44034904e-02
  9.99859907e-03 9.78237297e-03 5.16654961e-02 6.38156850e-03
  7.75490003e-03 1.57813393e-02 6.26144465e-04 6.04359917e-02
  2.43578968e-03 1.94525756e-02 3.15851346e-02 1.57162435e-02
  1.63028482e-02 5.04634716e-02 2.92837806e-02 4.23035072e-03
  4.45097126e-03 1.24154622e-02 2.85492069e-03 8.46173894e-03
  8.26854166e-03 4.68762498e-03 6.57917606e-03 7.67586753e-03
  4.59587760e-03 4.33535036e-03 2.89045810e-03 2.08997577e-02
  5.01243165e-03 5.56880562e-03 1.97881064e-03 1.81681477e-03
  6.45799655e-03 3.35237500e-03 2.60413531e-03 2.16087303e-03
  9.82341543e-03 4.74894792e-03 1.09349145e-03 2.58958060e-03
  2.19235825e-03 3.90414963e-03 2.12289300e-03 2.65191239e-03
  7.35052209e-03 1.97641063e-03]
 [1.00731512e-03 1.97286680e-01 3.36415172e-01 2.01387908e-02
  3.93209793e-02 9.17504483e-04 2.12384630e-02 3.00147124e-02
  6.21232130e-02 1.52512034e-03 1.15443915e-01 1.42453425e-02
  2.01257342e-03 8.94268677e-02 9.61868500e-04 5.08864352e-04
  4.21483954e-03 1.66955637e-03 1.60849944e-03 7.44202174e-04
  1.41314755e-03 4.74761735e-04 8.80650652e-04 9.55639174e-04
  3.50836921e-03 1.72950444e-03 2.16883235e-03 2.25899485e-03
  5.25444164e-04 1.69147097e-03 5.39450033e-04 6.27087615e-03
  2.00281921e-03 2.41632760e-03 3.81464692e-04 9.85716702e-04
  9.98843811e-04 1.56914152e-03 9.82535188e-04 1.56498922e-03
  9.48699191e-03 2.11540167e-03 1.13257905e-03 8.75956670e-04
  1.60321908e-03 1.08090520e-03 2.15748232e-03 2.44460185e-03
  2.50674807e-03 2.45264079e-03]
 [3.99429112e-08 2.91717515e-05 5.59934556e-01 4.76641056e-08
  1.01248600e-06 2.17139259e-05 5.49917226e-04 4.00259167e-01
  3.54709849e-02 4.71428712e-06 1.21605676e-03 1.97291301e-04
  2.12474284e-03 4.40566037e-05 7.59094910e-05 9.93025424e-06
  9.09937370e-08 6.04105262e-05 1.55822839e-08 7.23661486e-09
  7.71439357e-09 1.48903174e-08 5.29745048e-09 1.35885951e-08
  2.00802575e-09 2.45007592e-09 1.66401659e-09 2.25225616e-09
  1.45094727e-08 4.58791138e-09 9.69870184e-10 8.96165864e-10
  1.19094179e-09 8.59095128e-10 1.02561482e-09 6.04186090e-10
  4.87385909e-09 2.51176835e-09 3.88800325e-09 1.97717331e-09
  8.87250329e-10 9.68315650e-10 6.49071685e-10 9.85165949e-10
  1.63005520e-09 2.81686985e-09 8.45932546e-10 1.03945164e-09
  6.11836803e-09 1.71631420e-09]
 [6.46743725e-09 6.30585191e-07 2.63589470e-07 1.84923019e-02
  1.43244307e-07 2.87720292e-09 1.35216833e-04 1.51509039e-06
  5.98641861e-07 6.63968362e-03 3.91246249e-05 1.73261412e-06
  1.25368570e-06 9.74683106e-01 7.23008782e-07 3.58744546e-06
  5.21170307e-08 5.88296842e-08 1.31037385e-08 4.99268182e-10
  3.52444102e-10 1.39920431e-09 1.55088498e-10 7.16952386e-10
  2.38569331e-10 3.28830602e-10 3.21533217e-10 3.59685531e-10
  1.96733563e-09 4.63889149e-10 2.19941385e-10 3.20540039e-10
  3.60142027e-10 2.86813878e-10 2.19175039e-10 8.57133670e-11
  1.23435329e-09 4.16266355e-10 4.39885517e-10 4.63008742e-10
  4.97272390e-10 3.60261571e-10 1.19964774e-10 3.26463384e-10
  3.19009152e-10 6.86954216e-10 3.24411248e-10 3.24534427e-10
  1.82774562e-09 2.89054558e-10]
 [4.25814317e-09 4.10646180e-06 4.84104305e-07 3.85824336e-07
  9.85086799e-01 4.74852004e-06 2.12124473e-06 7.44713952e-06
  8.91875970e-07 2.32176347e-07 1.41543441e-03 7.81822391e-03
  3.11648796e-06 4.79488494e-03 8.28584889e-04 2.36691835e-06
  1.04537412e-06 2.88270239e-05 1.23741017e-08 2.21299761e-08
  1.00605329e-08 3.81704197e-08 2.65312528e-09 1.72664940e-08
  9.41010714e-10 1.06093689e-09 4.54215154e-09 8.44300896e-09
  2.22138379e-08 2.46500731e-09 2.39160158e-09 4.89197793e-09
  2.71513567e-09 7.05498993e-09 6.19256157e-09 1.52435808e-09
  2.52719250e-08 4.66747663e-09 4.75797357e-09 7.40621209e-09
  1.17902115e-08 7.10248793e-09 2.54089860e-09 6.00414296e-09
  3.61714947e-09 1.55551554e-08 1.24552981e-08 2.66371387e-08
  8.18886932e-08 1.21375434e-08]
 [6.51209575e-08 2.10446398e-08 5.42619055e-05 3.31523870e-06
  4.05947139e-06 9.21785057e-01 2.11365714e-05 1.56678853e-03
  4.39849555e-06 5.62816858e-04 8.83809480e-05 3.95956188e-02
  3.21544372e-02 2.65953364e-03 1.45834906e-03 8.95248468e-06
  2.73780715e-05 4.89728791e-06 9.46639105e-08 3.27671792e-08
  1.94520506e-08 1.90696568e-07 1.64260712e-08 3.87590298e-08
  4.26191349e-09 5.97104721e-09 6.77337741e-09 7.15363546e-09
  4.00055420e-08 1.41649614e-09 3.03247338e-09 2.59972088e-09
  3.92885813e-09 4.80417084e-09 5.97828320e-09 2.01858752e-09
  2.17493916e-08 2.18210561e-09 1.48144863e-09 4.53467264e-09
  3.98127087e-09 8.17118817e-09 2.40321141e-09 2.98947667e-09
  1.18574794e-09 5.12779508e-09 5.64186564e-09 7.92468313e-09
  2.74480652e-08 4.90587260e-09]
 [3.84891008e-09 2.83275042e-10 3.18065183e-08 2.61616691e-07
  4.02049454e-06 1.88751259e-09 9.81948793e-01 2.84041946e-08
  3.78164143e-04 2.79331630e-07 3.52859893e-03 1.66542378e-07
  1.26495408e-02 1.46540126e-03 2.07820040e-06 2.04835487e-06
  3.01293056e-07 1.98982707e-05 3.91263377e-08 2.05141024e-08
  1.47856785e-08 3.49177043e-08 8.04527556e-09 2.66154121e-08
  4.62112348e-09 4.05810852e-09 9.87223725e-09 1.13881518e-08
  3.67714321e-08 2.38436981e-09 4.12561718e-09 1.16084227e-08
  7.38998729e-09 1.47799257e-08 4.71623274e-09 5.79543613e-09
  3.00578584e-08 2.95927416e-09 1.52970625e-09 2.38009412e-09
  6.22016971e-09 5.72269743e-09 2.95362934e-09 3.98557320e-09
  1.06569120e-09 4.09428402e-09 3.00519942e-09 7.90955479e-09
  1.99601224e-08 8.55708127e-09]
 [1.96397298e-08 5.08541831e-09 2.07187782e-06 2.09385376e-09
  3.29478439e-06 5.73565834e-04 4.83797123e-07 9.37201977e-01
  1.26587242e-04 4.19768367e-06 3.75905161e-04 6.07028566e-02
  4.80569033e-05 7.88641773e-05 7.86869205e-04 6.45313867e-06
  4.66913725e-08 8.82901732e-05 5.52042536e-08 3.80992340e-08
  3.07574552e-08 1.13840642e-07 3.92874213e-08 2.76613505e-08
  5.74162273e-09 7.00719704e-09 1.00493383e-08 1.56679576e-08
  6.26862331e-08 6.56210597e-09 4.45919657e-09 5.13723419e-09
  9.57898116e-09 8.22783708e-09 3.70647668e-09 3.06313352e-09
  1.41993546e-08 2.78871681e-09 1.66827718e-09 7.36308292e-10
  6.76852130e-10 1.19652399e-09 9.87362525e-10 1.23346067e-09
  4.90678886e-10 1.39138756e-09 1.04507092e-09 1.58682167e-09
  8.51956017e-09 2.71053735e-09]
 [7.03651182e-08 1.91560190e-08 2.31618810e-06 6.18380902e-10
  1.40025793e-06 5.75918966e-05 8.68876668e-08 9.99071598e-01
  9.36429133e-05 7.01571651e-07 9.60099260e-06 7.52230873e-04
  4.47392452e-08 1.55564322e-07 9.93001140e-06 4.06606972e-07
  9.92847124e-11 1.13493435e-07 7.21272286e-09 4.99369657e-09
  1.11802363e-08 1.00168540e-08 1.13582272e-08 8.08744005e-09
  7.78047937e-09 6.43040510e-09 5.78921089e-09 8.86596396e-09
  3.27793508e-08 8.43794901e-09 3.82714305e-09 2.85844837e-09
  6.08146555e-09 4.77263162e-09 3.31102967e-09 3.95284205e-09
  1.04722551e-08 3.97162969e-09 3.22402549e-09 1.23892974e-09
  6.96490754e-10 7.12213843e-10 1.65810210e-09 2.06777306e-09
  1.11663567e-09 1.95223171e-09 1.45089174e-09 1.41693046e-09
  5.73436143e-09 2.73076206e-09]
 [3.76342228e-08 2.96752543e-08 6.50230095e-06 3.86481114e-09
  2.79240027e-07 5.84486515e-05 1.29530548e-07 9.99405265e-01
  7.28611922e-05 8.25719098e-07 3.86240754e-06 4.46915394e-04
  4.47751027e-08 7.73859909e-08 4.56435873e-06 3.80844547e-08
  7.23298157e-11 1.94988115e-08 1.52480528e-09 3.62775388e-09
  1.05736335e-08 9.78481474e-09 1.35771767e-08 6.79178447e-09
  6.78067869e-09 5.61968561e-09 5.53182211e-09 7.93136401e-09
  2.41711327e-08 6.24027052e-09 2.92742364e-09 1.82185778e-09
  4.17387058e-09 3.69643405e-09 2.62647926e-09 3.36545547e-09
  6.52219612e-09 3.12804116e-09 2.47315812e-09 9.32080635e-10
  4.67845374e-10 4.35004865e-10 1.47665513e-09 1.52388080e-09
  1.04392051e-09 1.52739299e-09 1.40708700e-09 1.41328405e-09
  3.75518905e-09 2.52018184e-09]
 [2.41402311e-08 3.57990295e-08 3.78679329e-06 3.87813470e-09
  2.06792421e-07 4.09142594e-05 9.79374946e-08 9.99626875e-01
  5.27197990e-05 6.63484798e-07 1.43854845e-06 2.70853285e-04
  2.35749038e-08 3.17712789e-08 1.95049029e-06 2.04238333e-08
  5.63866558e-11 1.06493969e-08 1.25598065e-09 6.24877794e-09
  2.14610214e-08 1.97532888e-08 2.89556787e-08 1.19109815e-08
  1.44223247e-08 1.16583214e-08 1.14494361e-08 1.65103167e-08
  4.76768740e-08 1.33367912e-08 6.67186528e-09 3.81989596e-09
  8.78138362e-09 7.77128761e-09 5.79078252e-09 7.85641685e-09
  1.17981989e-08 6.90479851e-09 5.40841327e-09 1.79191728e-09
  9.23804977e-10 7.60137508e-10 3.06508441e-09 2.73001910e-09
  2.18761942e-09 2.70673395e-09 2.96165048e-09 2.90198576e-09
  6.02088690e-09 5.11071807e-09]
 [4.72596291e-08 6.19966158e-08 4.49116305e-06 6.25178664e-09
  2.16155527e-07 3.72362665e-05 8.66732677e-08 9.99707758e-01
  3.59558217e-05 5.11717985e-07 6.90172328e-07 2.10922211e-04
  2.12571400e-08 2.38986306e-08 1.07743608e-06 1.64000102e-08
  4.56969740e-11 9.06183573e-09 1.92719884e-09 1.55521143e-08
  5.45942278e-08 5.70885774e-08 8.03277231e-08 3.07911634e-08
  4.34267236e-08 3.45917783e-08 3.04301686e-08 4.15179713e-08
  1.15985195e-07 3.62461314e-08 2.00548111e-08 1.04143645e-08
  2.45431426e-08 1.97326333e-08 1.62825984e-08 2.19829666e-08
  2.78366024e-08 1.85622504e-08 1.48081227e-08 5.21009103e-09
  2.65063926e-09 2.12453743e-09 8.97224872e-09 7.55088170e-09
  6.37348796e-09 7.12023596e-09 8.70577743e-09 7.47718776e-09
  1.35566216e-08 1.30548949e-08]
 [9.25218302e-08 6.76311700e-08 3.35456684e-06 6.75186174e-09
  1.91012361e-07 3.30594848e-05 7.72471012e-08 9.99786913e-01
  2.28374793e-05 4.01631723e-07 3.63527050e-07 1.51027663e-04
  1.89120275e-08 1.68699277e-08 5.08303060e-07 9.35379596e-09
  3.09851485e-11 7.07940062e-09 2.05898165e-09 2.06636344e-08
  7.03222085e-08 9.41047489e-08 1.13392645e-07 4.50236435e-08
  6.65577602e-08 5.45590986e-08 4.06415843e-08 5.31604165e-08
  1.42488403e-07 4.82279212e-08 3.06919254e-08 1.38504870e-08
  3.59894194e-08 2.46585952e-08 2.42802809e-08 2.94617450e-08
  3.55323593e-08 2.40315750e-08 1.93514307e-08 7.94358446e-09
  3.63137542e-09 3.19219007e-09 1.21245378e-08 1.09765290e-08
  8.53237037e-09 9.45308720e-09 1.26459616e-08 9.11052567e-09
  1.60160258e-08 1.53464530e-08]
 [1.68889557e-07 8.08516916e-08 2.67852056e-06 7.60983898e-09
  1.80263740e-07 3.04387941e-05 7.56016263e-08 9.99833107e-01
  1.56445240e-05 3.39758117e-07 2.14842999e-07 1.15164934e-04
  1.61762905e-08 1.23021886e-08 3.01890992e-07 6.48481446e-09
  2.68690781e-11 6.95619518e-09 2.48796450e-09 2.70248002e-08
  8.58073648e-08 1.58455649e-07 1.44150064e-07 6.40312123e-08
  9.92205855e-08 8.74348558e-08 5.17761762e-08 6.52800409e-08
  1.65835985e-07 5.98548766e-08 4.54622047e-08 1.69945640e-08
  5.26914370e-08 2.87969577e-08 3.67554449e-08 3.72775482e-08
  4.57712552e-08 2.93839744e-08 2.37355344e-08 1.25968107e-08
  4.75393858e-09 5.04337061e-09 1.56282614e-08 1.64857141e-08
  1.07948228e-08 1.25081305e-08 1.85971469e-08 1.06751052e-08
  1.90576745e-08 1.70584098e-08]
 [3.33192816e-07 8.67706262e-08 1.79398558e-06 8.50606341e-09
  1.70565272e-07 2.69495267e-05 7.70111441e-08 9.99874711e-01
  9.36619290e-06 2.90608455e-07 1.36769444e-07 8.42803129e-05
  1.17362520e-08 8.34028491e-09 1.50716943e-07 3.62364050e-09
  2.19482245e-11 7.00331926e-09 2.48570542e-09 2.62595066e-08
  7.52820100e-08 2.08639221e-07 1.33335661e-07 6.96196949e-08
  1.12362372e-07 1.10455055e-07 4.88714029e-08 5.91863056e-08
  1.41310409e-07 5.42410774e-08 5.15246477e-08 1.51807136e-08
  6.01320025e-08 2.46070559e-08 4.30932552e-08 3.44945690e-08
  4.53687257e-08 2.64719251e-08 2.14112621e-08 1.60263873e-08
  4.64640815e-09 6.46539711e-09 1.50438293e-08 1.98448653e-08
  1.01972750e-08 1.28546676e-08 2.16293401e-08 9.36958244e-09
  1.74836305e-08 1.39983394e-08]
 [8.11303039e-07 6.88000128e-08 8.52492235e-07 7.17352311e-09
  1.17902196e-07 1.94924360e-05 5.58870958e-08 9.99929190e-01
  4.16695502e-06 2.26435787e-07 8.03303450e-08 4.33948771e-05
  5.56942448e-09 3.52441010e-09 7.91534447e-08 2.24134111e-09
  1.60669325e-11 7.55287122e-09 2.88442359e-09 2.15557261e-08
  5.82960062e-08 2.17744159e-07 1.03141673e-07 6.32998720e-08
  1.17386996e-07 1.31594760e-07 4.33545644e-08 5.09107245e-08
  1.23558664e-07 4.93852319e-08 6.43017302e-08 1.49291068e-08
  7.57041363e-08 2.29578578e-08 4.43159465e-08 2.90262108e-08
  4.19504538e-08 2.25856400e-08 1.86520772e-08 1.62521321e-08
  3.69316244e-09 6.86635060e-09 1.19718297e-08 2.14077733e-08
  8.57897042e-09 1.24004353e-08 2.34151720e-08 7.65221397e-09
  1.50520538e-08 1.10097131e-08]
 [2.46597415e-06 3.42930910e-08 2.12733269e-07 3.73063047e-09
  3.60321906e-08 8.51478035e-06 1.83582181e-08 9.99973416e-01
  1.24773464e-06 1.50561860e-07 4.17205790e-08 1.28886586e-05
  1.50671886e-09 8.11311407e-10 3.34292487e-08 9.72725456e-10
  8.90360702e-12 6.97353819e-09 2.60881960e-09 1.07959668e-08
  2.99212353e-08 1.28128576e-07 5.26989297e-08 3.66934891e-08
  8.42815808e-08 1.07671212e-07 2.80410895e-08 3.26084901e-08
  8.94045087e-08 3.66008059e-08 7.00648570e-08 1.34690259e-08
  8.26806001e-08 1.95176000e-08 3.05953520e-08 1.77358288e-08
  2.85032140e-08 1.48796211e-08 1.28499540e-08 9.81621806e-09
  1.89286808e-09 4.48238691e-09 6.08404127e-09 1.55112136e-08
  5.09324760e-09 8.78348949e-09 1.79211899e-08 4.71627404e-09
  9.72492220e-09 6.74559120e-09]
 [3.21123916e-05 3.79662701e-08 5.26653174e-08 2.66672839e-09
  5.86875260e-09 3.69857662e-06 6.13773210e-09 9.99957204e-01
  3.99774763e-07 1.52616849e-07 7.25088611e-08 5.61434308e-06
  4.08744733e-10 5.14315368e-10 1.15730074e-08 5.31969080e-10
  7.90333077e-12 7.16408488e-09 1.46792867e-09 3.90939503e-09
  1.20666153e-08 7.29833971e-08 2.32804016e-08 2.02073132e-08
  6.41276472e-08 9.46078202e-08 2.14329283e-08 2.46297969e-08
  5.67815555e-08 2.59977320e-08 6.68499140e-08 1.36327980e-08
  9.11055267e-08 1.83208435e-08 1.97666790e-08 1.02468984e-08
  2.01874375e-08 1.04720650e-08 9.28715505e-09 7.07155046e-09
  1.31886790e-09 3.69559872e-09 3.01978265e-09 1.04626423e-08
  3.13349591e-09 6.26415009e-09 1.26690258e-08 3.20518678e-09
  6.69523503e-09 3.86507315e-09]
 [1.55251636e-03 9.43425249e-08 2.16733227e-08 3.33185524e-09
  1.10115861e-09 2.18159721e-06 3.89515487e-09 9.98441637e-01
  9.35972793e-08 1.13186957e-07 1.81383200e-07 2.19067283e-06
  1.93452504e-10 8.18266288e-10 4.56973304e-09 6.65280053e-10
  1.00126990e-11 6.00658323e-09 1.24263422e-09 1.38822998e-09
  5.61292923e-09 6.39603854e-08 1.02066924e-08 1.43504870e-08
  9.36419156e-08 1.78983200e-07 3.53754146e-08 3.77516436e-08
  3.72508140e-08 2.27199006e-08 7.39863424e-08 2.32212329e-08
  1.59481957e-07 2.74683352e-08 1.41222376e-08 6.36143405e-09
  1.95464427e-08 1.01683941e-08 9.23810806e-09 1.02637747e-08
  2.09304618e-09 6.99797864e-09 1.89189109e-09 8.95415386e-09
  2.73964806e-09 6.36750430e-09 1.19276216e-08 3.37712791e-09
  6.84881707e-09 2.54926769e-09]]
27804446-Q12033819	[[2.31106766e-03 2.29514157e-03 9.56513395e-05 1.46284862e-03
  3.12723947e-04 1.07424462e-03 7.77144916e-04 2.75076786e-03
  5.47160627e-04 1.39197626e-03 2.83036451e-03 7.02731404e-03
  1.03645516e-03 8.44028313e-03 3.33219301e-03 5.98347336e-02
  1.23859137e-01 7.78102100e-01 2.00828887e-03 4.70869127e-05
  2.26360917e-05 5.23775498e-06 2.10656417e-05 1.14435388e-05
  1.03474304e-05 6.85235636e-06 1.10456249e-05 1.36516028e-05
  1.97076188e-05 2.70978744e-05 1.09207822e-05 1.05766312e-05
  5.41726013e-06 9.56916119e-06 1.49293173e-05 1.41055170e-05
  1.26323530e-05 2.70834607e-05 2.83392146e-05 5.58788906e-06
  5.20722460e-06 6.74135435e-06 1.41645878e-05 1.29449145e-05
  3.31813826e-05 1.70142903e-05 2.07957110e-05 2.46608524e-05
  1.80265615e-05 2.23196294e-05]
 [3.07853770e-04 1.17685500e-04 2.81861052e-03 1.27403624e-03
  3.02139350e-04 2.89415766e-04 1.81519514e-04 1.38677191e-04
  2.27427576e-03 5.55064413e-04 3.76507669e-04 4.88933467e-04
  8.12413462e-04 8.79701518e-04 1.97202331e-04 3.10722171e-05
  1.02961704e-03 7.09467160e-04 3.13171302e-04 9.35943611e-03
  2.52283644e-02 7.34179541e-02 1.54587263e-02 3.02153677e-02
  3.89987677e-02 8.21952298e-02 3.32818963e-02 3.56145427e-02
  2.16397773e-02 1.36550600e-02 3.81589569e-02 6.49555922e-02
  9.08108056e-02 2.77695078e-02 1.57351606e-02 1.73932817e-02
  3.43517736e-02 1.83067713e-02 1.47599159e-02 2.57755537e-02
  4.30170596e-02 4.90580648e-02 1.77449118e-02 2.52863150e-02
  1.26035931e-02 2.83038449e-02 1.96757801e-02 1.72763281e-02
  2.49406975e-02 2.19135769e-02]
 [3.06845482e-06 3.47837641e-07 3.61136955e-07 5.29122417e-07
  1.43072361e-06 2.33379200e-08 3.25368532e-09 3.79198173e-10
  6.34195318e-09 3.43010527e-08 1.01259685e-08 3.77590154e-10
  2.02159689e-09 1.42269044e-10 4.47637795e-11 1.55732191e-10
  7.47190896e-08 2.71145245e-06 1.03731662e-04 2.05936586e-03
  3.00339945e-02 6.49347622e-03 1.01832762e-01 1.90959834e-02
  1.29905209e-01 1.02455236e-01 3.31500024e-02 1.20963426e-02
  1.03308382e-02 5.14431000e-02 6.79814443e-03 1.07083067e-01
  3.28370966e-02 6.79386081e-03 1.78228715e-03 6.28072098e-02
  6.01962674e-03 4.59331684e-02 3.33070680e-02 2.28198478e-03
  4.93436158e-02 8.57329741e-03 6.65954947e-02 5.10559324e-03
  2.99630575e-02 8.41177348e-03 2.83333170e-03 1.58445234e-03
  2.44534900e-03 2.04919148e-02]
 [1.29562011e-07 8.62248868e-08 7.99163136e-09 3.54610941e-09
  1.57280020e-08 2.26783232e-08 4.52476612e-10 3.27770616e-10
  1.17367305e-09 2.62334066e-08 9.45210843e-09 6.18075724e-09
  8.12335177e-09 2.01466595e-08 1.21950139e-08 3.02792735e-10
  3.51420297e-08 3.17603366e-07 2.15837690e-06 1.17060205e-03
  3.02078929e-02 2.70784386e-02 3.53045836e-02 3.92332450e-02
  8.95347893e-02 1.01890214e-01 6.70773238e-02 2.99248602e-02
  4.71271481e-03 5.92006417e-03 1.65281091e-02 1.41395271e-01
  7.11108297e-02 3.18730772e-02 1.14896102e-02 2.79035438e-02
  1.01033347e-02 1.07444404e-02 7.47777289e-03 8.48222338e-03
  1.26363799e-01 2.58740075e-02 1.78613681e-02 7.29006808e-03
  6.95004826e-03 1.26718050e-02 7.03456905e-03 1.00627560e-02
  7.29297847e-03 9.43279453e-03]
 [4.62029311e-06 1.01602541e-06 1.15890913e-07 1.81681528e-07
  3.56214827e-07 1.86029183e-07 1.88593869e-08 1.14712746e-08
  1.44360319e-08 7.75240608e-07 4.68960877e-07 6.47915996e-08
  5.78810614e-07 2.31471574e-07 6.92077322e-07 2.88189597e-08
  6.19335788e-06 1.89836555e-05 6.96124107e-06 3.10068787e-03
  5.77491522e-02 3.58766764e-02 3.19779664e-02 4.57454175e-02
  8.01134259e-02 9.95507166e-02 6.99858218e-02 3.30822021e-02
  5.86116500e-03 6.39798772e-03 2.31150426e-02 1.34535491e-01
  7.86965042e-02 3.73006985e-02 1.83540173e-02 2.56932061e-02
  1.17201498e-02 9.09696054e-03 7.17559829e-03 9.06128343e-03
  7.74044022e-02 2.13368479e-02 1.21967671e-02 7.83969183e-03
  5.85787091e-03 1.48615930e-02 8.09208024e-03 1.16959931e-02
  8.93494673e-03 7.54819252e-03]
 [3.06363539e-08 6.86306620e-08 3.92901489e-09 1.91345784e-09
  9.68385194e-09 3.86059051e-09 3.28401993e-11 5.44166490e-10
  1.17256552e-10 3.94064781e-09 1.28027833e-09 1.34108058e-09
  1.47870427e-09 2.80860979e-09 2.05733275e-09 5.46581891e-10
  2.09137198e-07 1.00781062e-06 5.09596794e-06 1.84203184e-03
  2.24543270e-02 1.90640930e-02 1.68286972e-02 3.93449217e-02
  7.75469989e-02 9.53848958e-02 6.48884252e-02 2.92763039e-02
  4.14138474e-03 6.16701599e-03 3.75346318e-02 1.59329921e-01
  9.70737189e-02 4.56906445e-02 1.61373708e-02 1.73929688e-02
  1.35937277e-02 1.28771998e-02 1.19018331e-02 1.52900051e-02
  8.70604068e-02 3.20129208e-02 1.16242878e-02 9.79456026e-03
  7.99523946e-03 1.85720772e-02 6.76844735e-03 1.03052380e-02
  7.69365532e-03 4.40563634e-03]
 [1.04117845e-07 3.88274003e-07 1.11226814e-08 1.07294964e-08
  2.16205240e-08 4.88860650e-08 1.80434889e-09 1.53395319e-09
  1.01803377e-09 6.51774101e-08 2.57931774e-08 2.27253523e-08
  4.64964423e-08 8.05741323e-08 7.54834915e-08 5.74130032e-09
  2.40804366e-06 5.97003964e-06 4.88958131e-06 2.25132238e-03
  5.71438521e-02 3.20697315e-02 2.63120551e-02 4.13833410e-02
  5.49869239e-02 1.08919129e-01 7.31388703e-02 3.46606709e-02
  2.89575895e-03 4.28682705e-03 2.46120021e-02 9.53447223e-02
  1.05114505e-01 4.83024307e-02 2.10852642e-02 2.47067865e-02
  1.28283696e-02 8.10815021e-03 6.50358852e-03 2.28139739e-02
  7.53247514e-02 2.90876776e-02 1.16255926e-02 9.28305741e-03
  5.36610279e-03 1.66623052e-02 1.23271905e-02 1.62415430e-02
  9.67826135e-03 6.92114234e-03]
 [2.81899979e-08 2.53985490e-07 4.97350072e-09 2.79714873e-09
  1.36611922e-08 5.00712849e-09 7.95027724e-11 1.23779920e-09
  2.27480659e-10 8.12920131e-09 3.33387029e-09 4.06069312e-09
  4.90259877e-09 1.44608059e-08 9.04689124e-09 1.92343319e-09
  6.33648369e-07 2.17219076e-06 4.07197695e-06 1.78352557e-03
  3.24260630e-02 2.21247189e-02 1.93924792e-02 3.97855490e-02
  5.43573014e-02 9.53949317e-02 5.84945753e-02 2.72691809e-02
  2.47990876e-03 4.73559182e-03 3.61183397e-02 1.11879520e-01
  1.13188498e-01 4.89237867e-02 1.73159391e-02 1.76932607e-02
  1.35059124e-02 1.06927771e-02 9.75962635e-03 3.19707952e-02
  8.78908113e-02 4.27621938e-02 1.28180552e-02 1.33597394e-02
  8.59471876e-03 2.34050751e-02 1.14782630e-02 1.50480242e-02
  9.99834202e-03 5.34519786e-03]
 [4.54877700e-08 4.96781070e-07 6.08027273e-09 6.59805943e-09
  9.10055675e-09 3.30015020e-08 1.14306398e-09 7.33149097e-10
  4.32318431e-10 3.99155624e-08 1.32730538e-08 2.05993711e-08
  2.25191528e-08 6.73098981e-08 4.13426982e-08 1.18312764e-08
  1.84124053e-06 6.88264436e-06 4.08340884e-06 1.43290905e-03
  4.03497033e-02 2.95123067e-02 2.04571672e-02 3.88912857e-02
  4.39026281e-02 1.07725069e-01 6.41713589e-02 3.08634136e-02
  2.23328709e-03 3.89888091e-03 2.82928124e-02 7.54507780e-02
  1.15403518e-01 4.75883819e-02 2.27250587e-02 2.20629983e-02
  1.40155507e-02 8.52151494e-03 7.51467608e-03 4.26814109e-02
  7.98541382e-02 4.00598124e-02 1.26842158e-02 1.27880704e-02
  6.61581988e-03 2.27187201e-02 1.80167574e-02 2.05788575e-02
  1.18405577e-02 7.13470485e-03]
 [1.22256258e-08 3.06445628e-07 6.01766148e-09 2.07592277e-09
  1.41978891e-08 5.31703304e-09 1.17130292e-10 1.08163112e-09
  3.61351421e-10 1.04163638e-08 5.28427657e-09 9.45844558e-09
  1.46835450e-08 6.24820302e-08 3.38513964e-08 2.40872811e-09
  7.39056418e-07 1.69626799e-06 1.27555336e-06 1.05416588e-03
  2.39400901e-02 2.07086317e-02 1.75450519e-02 3.39413509e-02
  3.11023593e-02 7.97652602e-02 4.46384661e-02 2.13816985e-02
  1.63601898e-03 3.36075434e-03 3.63555141e-02 8.47802982e-02
  1.36768058e-01 5.38499989e-02 2.33211871e-02 2.35710777e-02
  1.46733839e-02 9.91026033e-03 9.06174909e-03 6.03362322e-02
  9.56751481e-02 5.17290123e-02 1.51958913e-02 1.51647376e-02
  8.60647019e-03 2.59682871e-02 1.78767461e-02 1.95514839e-02
  1.16602601e-02 6.86615892e-03]
 [5.55331603e-08 9.55287192e-07 5.07242248e-09 7.71439534e-09
  7.24618809e-09 3.12731387e-08 1.31708167e-09 6.91992519e-10
  3.72138209e-10 4.77601212e-08 1.44575809e-08 2.57540158e-08
  2.20104130e-08 8.04937841e-08 4.10247019e-08 4.50332358e-08
  2.38524876e-06 1.26000123e-05 5.08042785e-06 1.23657845e-03
  3.61005403e-02 2.79150698e-02 1.72467250e-02 3.65810730e-02
  3.93896922e-02 1.01882786e-01 5.86469099e-02 2.86175031e-02
  1.97602785e-03 3.99240199e-03 3.00821774e-02 6.68815821e-02
  1.11587152e-01 4.49072868e-02 2.16404926e-02 1.84039380e-02
  1.37979770e-02 8.99111107e-03 8.70274380e-03 5.79120740e-02
  8.22195113e-02 4.74304408e-02 1.31280134e-02 1.58271920e-02
  8.31941329e-03 2.86545064e-02 2.22542752e-02 2.46011429e-02
  1.38339875e-02 7.21825240e-03]
 [4.42729275e-09 1.83387641e-07 5.30071587e-09 1.05258136e-09
  9.83026816e-09 3.58888830e-09 7.31237848e-11 5.79398973e-10
  2.94445607e-10 7.00398139e-09 4.25380531e-09 1.03158948e-08
  1.93206233e-08 9.70292291e-08 4.95891186e-08 1.85263804e-09
  6.07249262e-07 1.00644991e-06 5.35347510e-07 6.51227892e-04
  1.62639823e-02 1.59375183e-02 1.44712050e-02 2.78151501e-02
  2.11743768e-02 6.63405955e-02 3.63247544e-02 1.76908653e-02
  1.23025349e-03 2.68009678e-03 3.67327929e-02 7.52636939e-02
  1.53885871e-01 5.93961626e-02 2.77787521e-02 2.85662357e-02
  1.54789295e-02 9.78287682e-03 8.93626735e-03 8.11184198e-02
  9.90910903e-02 5.55545874e-02 1.65873542e-02 1.54677602e-02
  8.40234384e-03 2.59522852e-02 2.08437629e-02 2.11942978e-02
  1.18041504e-02 7.57978810e-03]
 [7.62062911e-08 2.07824246e-06 6.06630124e-09 1.23570683e-08
  8.49821191e-09 3.70473359e-08 2.09844986e-09 1.01420994e-09
  5.94213845e-10 8.33304341e-08 2.35262245e-08 4.62607872e-08
  3.36130341e-08 1.34167152e-07 5.81835558e-08 1.51468498e-07
  3.14621525e-06 1.99427850e-05 6.35723882e-06 1.18394429e-03
  3.45205925e-02 2.54316386e-02 1.49104567e-02 3.34274918e-02
  3.57441343e-02 9.43084136e-02 5.48818633e-02 2.71030441e-02
  1.80412747e-03 3.95160681e-03 2.93429345e-02 6.04377575e-02
  1.03591956e-01 4.24838997e-02 2.08649617e-02 1.60705224e-02
  1.32116582e-02 9.03611351e-03 9.27234534e-03 7.07380921e-02
  8.77367705e-02 5.38049750e-02 1.39922053e-02 1.85438301e-02
  9.97489411e-03 3.37239914e-02 2.66348738e-02 2.95875017e-02
  1.60502214e-02 7.60097336e-03]
 [2.34143260e-09 1.18869274e-07 4.49032944e-09 5.86541149e-10
  6.00022698e-09 2.31366415e-09 3.68866986e-11 3.09633041e-10
  2.00192668e-10 4.30383551e-09 2.99349301e-09 8.59060201e-09
  1.89205416e-08 9.70204965e-08 5.29584092e-08 1.78943038e-09
  5.45366504e-07 7.91496120e-07 3.77048082e-07 4.70904633e-04
  1.28840180e-02 1.30621614e-02 1.25617161e-02 2.41036285e-02
  1.72845963e-02 5.86001202e-02 3.22714634e-02 1.61941517e-02
  1.06465118e-03 2.50234921e-03 3.76637876e-02 7.29175210e-02
  1.64214313e-01 6.42428771e-02 3.04507557e-02 3.16683352e-02
  1.62407756e-02 1.03456713e-02 9.58043989e-03 9.04949158e-02
  9.68326777e-02 5.61160482e-02 1.65385958e-02 1.53530762e-02
  8.44153576e-03 2.57619433e-02 2.13052221e-02 2.14398392e-02
  1.16392020e-02 7.75064901e-03]
 [8.64755378e-08 3.95424468e-06 8.34942160e-09 1.88674605e-08
  1.04206750e-08 4.48695054e-08 3.02405234e-09 1.50499047e-09
  1.10316412e-09 1.39598185e-07 3.68128212e-08 8.67084111e-08
  5.48305508e-08 2.36110054e-07 8.48526156e-08 3.23745780e-07
  3.45654666e-06 2.38432367e-05 6.40379722e-06 1.07953977e-03
  3.16168480e-02 2.23139953e-02 1.32562304e-02 3.03013679e-02
  3.15566584e-02 8.60824957e-02 5.12640066e-02 2.56798603e-02
  1.65248511e-03 3.80135141e-03 2.77045090e-02 5.46199717e-02
  9.70285758e-02 4.10762355e-02 2.08022445e-02 1.51226437e-02
  1.28352782e-02 8.97196028e-03 9.51002538e-03 8.34570155e-02
  9.43930224e-02 5.92034832e-02 1.51014430e-02 2.06719097e-02
  1.13187591e-02 3.75386290e-02 3.09689268e-02 3.47326882e-02
  1.81158241e-02 8.18329211e-03]
 [1.90642724e-09 1.11740640e-07 4.64974059e-09 4.64224159e-10
  4.53621185e-09 1.98078309e-09 2.68758297e-11 2.25368793e-10
  1.78186868e-10 3.63979358e-09 2.81829626e-09 8.72839756e-09
  2.20443717e-08 1.11538135e-07 6.45040927e-08 2.32848163e-09
  5.70068323e-07 7.81175402e-07 3.30567048e-07 3.62029881e-04
  1.10776220e-02 1.12733208e-02 1.13020735e-02 2.12282445e-02
  1.48492977e-02 5.24000712e-02 2.92443950e-02 1.52842691e-02
  9.61929851e-04 2.44534761e-03 3.77095081e-02 7.10729957e-02
  1.68315157e-01 6.72367439e-02 3.19114774e-02 3.38214971e-02
  1.67435333e-02 1.10065630e-02 1.03728352e-02 9.81271863e-02
  9.57059115e-02 5.69036901e-02 1.65014230e-02 1.54903997e-02
  8.80695973e-03 2.62369141e-02 2.17438154e-02 2.20088121e-02
  1.18114091e-02 8.04250408e-03]
 [8.55815969e-08 5.81862469e-06 1.10552794e-08 2.43169875e-08
  1.13345351e-08 5.06882039e-08 3.49383877e-09 1.82517634e-09
  1.64589598e-09 1.84555915e-07 4.65029366e-08 1.29876312e-07
  7.48125046e-08 3.35575550e-07 1.05659204e-07 4.95411484e-07
  3.33233629e-06 2.43664708e-05 5.89413366e-06 9.36000026e-04
  2.80805919e-02 1.93065312e-02 1.20153353e-02 2.76447665e-02
  2.79058609e-02 7.85434246e-02 4.77298573e-02 2.43937001e-02
  1.53222436e-03 3.68888327e-03 2.64475401e-02 5.04808240e-02
  9.30051729e-02 4.05263677e-02 2.09083892e-02 1.48462765e-02
  1.27667598e-02 9.09421407e-03 9.86017659e-03 9.45329219e-02
  9.95711982e-02 6.32953793e-02 1.60661135e-02 2.23202314e-02
  1.24403937e-02 4.05696593e-02 3.42024118e-02 3.87401842e-02
  1.97494123e-02 8.75822548e-03]
 [1.91825489e-09 1.30058680e-07 5.53855628e-09 4.66969741e-10
  4.20915791e-09 2.07343187e-09 2.64058029e-11 2.15444024e-10
  1.97745154e-10 3.91509847e-09 3.29215610e-09 1.05589386e-08
  2.94375155e-08 1.47407277e-07 8.61544436e-08 3.40121775e-09
  6.38763140e-07 8.49095102e-07 3.02595140e-07 3.00972402e-04
  9.92656872e-03 1.00592962e-02 1.04728593e-02 1.92202926e-02
  1.31104086e-02 4.74555679e-02 2.66972203e-02 1.43648749e-02
  8.83321394e-04 2.39279703e-03 3.69169898e-02 6.85100108e-02
  1.67787462e-01 6.80431873e-02 3.24105471e-02 3.50566879e-02
  1.69250332e-02 1.14385597e-02 1.09418677e-02 1.06404625e-01
  9.66820344e-02 5.83957322e-02 1.68756898e-02 1.59991737e-02
  9.35469847e-03 2.72479579e-02 2.25007702e-02 2.28928979e-02
  1.22453552e-02 8.48436728e-03]
 [8.27768503e-08 7.03536489e-06 1.35751677e-08 2.83469639e-08
  1.14616325e-08 5.26930997e-08 3.54518059e-09 1.96238825e-09
  1.98926919e-09 2.07020207e-07 5.20778158e-08 1.57385927e-07
  8.94251428e-08 3.93528410e-07 1.19203776e-07 6.74637647e-07
  3.24220400e-06 2.49701679e-05 5.45515877e-06 8.26830161e-04
  2.52654385e-02 1.70425382e-02 1.11322664e-02 2.57532522e-02
  2.52774041e-02 7.22978264e-02 4.43742685e-02 2.31217071e-02
  1.44407619e-03 3.64054879e-03 2.57592313e-02 4.80241328e-02
  9.06133279e-02 4.01675291e-02 2.07484905e-02 1.46505702e-02
  1.28165931e-02 9.34043061e-03 1.03211794e-02 1.02997243e-01
  1.02875218e-01 6.65130541e-02 1.67990364e-02 2.38571595e-02
  1.34909591e-02 4.33959328e-02 3.60119008e-02 4.11855578e-02
  2.09992267e-02 9.21455398e-03]
 [2.01429984e-09 1.55004656e-07 6.73631284e-09 5.09612519e-10
  4.23556124e-09 2.25710983e-09 2.79635672e-11 2.33863817e-10
  2.31908048e-10 4.47333681e-09 4.01242106e-09 1.30970337e-08
  3.89139991e-08 1.92281178e-07 1.11854554e-07 4.94433161e-09
  7.36494655e-07 9.63902153e-07 2.83320247e-07 2.70730379e-04
  9.16575547e-03 9.20673367e-03 9.91296489e-03 1.79890823e-02
  1.19457208e-02 4.38838936e-02 2.47127544e-02 1.35087548e-02
  8.28124583e-04 2.35178880e-03 3.60174887e-02 6.61283284e-02
  1.65583462e-01 6.75942898e-02 3.22426856e-02 3.53771634e-02
  1.69554539e-02 1.16848228e-02 1.13064600e-02 1.14017203e-01
  9.82469916e-02 6.01504371e-02 1.74208079e-02 1.67460460e-02
  9.93291847e-03 2.84641664e-02 2.31225267e-02 2.36246325e-02
  1.27173839e-02 8.88792519e-03]]
