27804446-Q4968563	[[2.45483130e-01 2.07998350e-01 2.65859783e-01 5.32638207e-02
  4.20126393e-02 3.72415483e-02 4.63523418e-02 3.64799760e-02
  1.40685085e-02 8.54260661e-03 5.84536465e-03 4.89244005e-03
  4.46278136e-03 4.23510978e-03 4.08715336e-03 3.97939235e-03
  3.89467017e-03 3.82458908e-03 3.76443611e-03 3.71134584e-03]
 [2.68704832e-01 1.71728402e-01 2.70223111e-01 1.30682856e-01
  4.91630584e-02 2.51087211e-02 2.13235114e-02 1.38290161e-02
  6.31646393e-03 4.56937822e-03 3.50519177e-03 3.31308134e-03
  3.44498921e-03 3.66995344e-03 3.87121318e-03 4.01450647e-03
  4.10048245e-03 4.14153375e-03 4.15080832e-03 4.13880171e-03]
 [2.45650455e-01 1.37663558e-01 3.36627066e-01 1.81279004e-01
  6.69580698e-02 1.39273386e-02 7.93969352e-03 4.94207256e-03
  1.82188535e-03 7.50507519e-04 4.09564265e-04 2.90435535e-04
  2.46634620e-04 2.28489997e-04 2.19815396e-04 2.14867177e-04
  2.11488164e-04 2.08772326e-04 2.06326004e-04 2.03972304e-04]
 [4.51097786e-01 1.78717047e-01 2.87428677e-01 5.05922958e-02
  1.60498917e-02 1.06135383e-02 3.52655491e-03 9.34667769e-04
  2.78771040e-04 1.46533741e-04 8.70500953e-05 6.73071409e-05
  6.10127390e-05 5.92466167e-05 5.85736270e-05 5.79665793e-05
  5.71984383e-05 5.62916357e-05 5.53134196e-05 5.43190799e-05]
 [1.41165376e-01 1.55725405e-01 3.39655042e-01 1.87190190e-01
  1.54822558e-01 1.37682473e-02 2.93228053e-03 8.87898903e-04
  3.90245259e-04 3.11306940e-04 2.72314297e-04 2.73335521e-04
  2.87624251e-04 3.03890265e-04 3.17821017e-04 3.28499445e-04
  3.36144003e-04 3.41276667e-04 3.44450993e-04 3.46146233e-04]
 [3.03203255e-01 1.68647394e-01 1.69040933e-01 2.38134980e-01
  8.31678808e-02 2.71625016e-02 5.59389824e-03 2.33239913e-03
  6.32349052e-04 3.84869869e-04 2.51793273e-04 2.03610136e-04
  1.81053940e-04 1.68815241e-04 1.60640120e-04 1.54640293e-04
  1.49935615e-04 1.46095874e-04 1.42870078e-04 1.40099641e-04]
 [2.72283316e-01 1.55033007e-01 2.68887371e-01 2.10212722e-01
  6.75724521e-02 1.63733382e-02 3.20694153e-03 9.65526036e-04
  5.29560843e-04 4.96945227e-04 4.84276185e-04 4.85220895e-04
  4.77861380e-04 4.65537771e-04 4.51642205e-04 4.38062358e-04
  4.25404956e-04 4.13828733e-04 4.03293408e-04 3.93683324e-04]
 [1.85615316e-01 1.52574494e-01 3.99465144e-01 1.37788147e-01
  9.79230478e-02 1.69545170e-02 4.47742315e-03 2.31355987e-03
  7.41544645e-04 4.17366944e-04 2.79698055e-04 2.22374496e-04
  1.90042992e-04 1.69923136e-04 1.56999449e-04 1.48918771e-04
  1.43934900e-04 1.40869743e-04 1.38958028e-04 1.37726820e-04]
 [8.32956806e-02 4.74629961e-02 6.23739175e-02 2.29064226e-01
  1.45418242e-01 7.48225972e-02 6.00054488e-02 6.72326684e-02
  3.64793018e-02 2.99308598e-02 2.27091461e-02 1.97507888e-02
  1.80114545e-02 1.68066714e-02 1.58617273e-02 1.51244327e-02
  1.45429336e-02 1.40739866e-02 1.36839105e-02 1.33489612e-02]
 [1.22105349e-02 3.74785974e-03 4.00751829e-03 4.06488925e-02
  1.13338633e-02 1.69658344e-02 3.88285741e-02 3.63424718e-02
  4.01165187e-02 5.72195873e-02 7.11019263e-02 7.98430890e-02
  8.17614049e-02 8.02223682e-02 7.74242431e-02 7.44820386e-02
  7.17623234e-02 6.93554506e-02 6.72439113e-02 6.53815717e-02]
 [3.69801815e-03 3.37883388e-03 2.03880249e-03 3.10237426e-03
  4.03734250e-03 2.01595835e-02 9.02253985e-02 7.24986047e-02
  6.44936487e-02 7.35430568e-02 7.65000358e-02 7.65460506e-02
  7.36870095e-02 7.02014416e-02 6.68675229e-02 6.39833212e-02
  6.15486614e-02 5.94980866e-02 5.77518344e-02 5.62403463e-02]
 [2.53590792e-02 1.95731092e-02 1.17436117e-02 1.01192333e-02
  8.70229024e-03 2.70184390e-02 1.04611441e-01 7.90258721e-02
  6.66504204e-02 7.15507120e-02 7.14607239e-02 6.94233179e-02
  6.54649511e-02 6.14096522e-02 5.77540658e-02 5.46367392e-02
  5.19920439e-02 4.97287288e-02 4.77597602e-02 4.60157990e-02]
 [1.20954074e-01 6.86768219e-02 5.06807305e-02 3.93326841e-02
  2.12572291e-02 3.56283821e-02 1.12379663e-01 7.48525783e-02
  5.83228804e-02 5.70465364e-02 5.24838455e-02 4.74405624e-02
  4.23592143e-02 3.82167660e-02 3.49673927e-02 3.24375108e-02
  3.04304827e-02 2.88009383e-02 2.74442583e-02 2.62874886e-02]
 [3.76673281e-01 2.00554669e-01 1.72614664e-01 6.20694198e-02
  2.36738957e-02 2.20719986e-02 4.34139408e-02 2.34599542e-02
  1.67848729e-02 1.31282443e-02 9.64050088e-03 7.14306347e-03
  5.51350927e-03 4.50836262e-03 3.86787695e-03 3.44106322e-03
  3.14169121e-03 2.92205135e-03 2.75450363e-03 2.62242323e-03]
 [3.97454292e-01 2.58142948e-01 2.18840808e-01 5.92857003e-02
  1.60689820e-02 9.21538752e-03 1.39060682e-02 7.45606935e-03
  5.17189689e-03 3.60697671e-03 2.44775019e-03 1.70494081e-03
  1.26882596e-03 1.02235680e-03 8.77675193e-04 7.88832258e-04
  7.31631124e-04 6.93371170e-04 6.67011715e-04 6.48453191e-04]
 [3.99245888e-01 2.67647982e-01 2.22206041e-01 5.96979931e-02
  1.43633205e-02 7.01709744e-03 1.00926105e-02 5.69908181e-03
  3.88881657e-03 2.58106901e-03 1.71945465e-03 1.18513335e-03
  8.77504877e-04 7.06014165e-04 6.06742804e-04 5.46784489e-04
  5.08986006e-04 4.84389573e-04 4.68041660e-04 4.57060814e-04]
 [4.14848715e-01 2.71557331e-01 2.22064927e-01 4.88531739e-02
  1.13760037e-02 5.80088096e-03 8.54212791e-03 5.05124638e-03
  3.42289684e-03 2.20885361e-03 1.45044015e-03 9.89942811e-04
  7.28126906e-04 5.83212997e-04 4.99724410e-04 4.49455256e-04
  4.17822972e-04 3.97247408e-04 3.83547216e-04 3.74300376e-04]
 [4.15191293e-01 2.72991717e-01 2.29884535e-01 4.53015864e-02
  9.99808777e-03 4.90031298e-03 7.26318872e-03 4.34704032e-03
  2.93251500e-03 1.87236175e-03 1.22464076e-03 8.34556820e-04
  6.14124874e-04 4.92745079e-04 4.23241494e-04 3.81749240e-04
  3.55967582e-04 3.39503720e-04 3.28834925e-04 3.21914849e-04]
 [4.19653267e-01 2.73641735e-01 2.32607111e-01 3.99733782e-02
  9.00890399e-03 4.44959942e-03 6.74907118e-03 4.12371289e-03
  2.80452287e-03 1.79631065e-03 1.18122867e-03 8.09537538e-04
  5.98900719e-04 4.82597505e-04 4.15816001e-04 3.75841802e-04
  3.50937160e-04 3.34992917e-04 3.24628229e-04 3.17874074e-04]
 [4.18640941e-01 2.74121046e-01 2.38220662e-01 3.83029953e-02
  8.33883602e-03 3.97297880e-03 6.01515127e-03 3.67104751e-03
  2.49149720e-03 1.59292878e-03 1.04780763e-03 7.18948781e-04
  5.32911567e-04 4.30341635e-04 3.71547736e-04 3.36453959e-04
  3.14697128e-04 3.00879474e-04 2.92011449e-04 2.86351540e-04]]
27804446-Q4968564	[[0.0896394  0.1204325  0.09925579 0.06702273 0.10570655 0.10165355
  0.17585658 0.03044634 0.03797565 0.01622257 0.02198968 0.01597537
  0.01657826 0.01520026 0.01506798 0.0147511  0.01450726 0.01422786
  0.01391167 0.01357886]
 [0.06958703 0.0891429  0.13084245 0.06967715 0.08097905 0.08378498
  0.16001481 0.07012871 0.07235368 0.02745323 0.02670278 0.01822879
  0.01743621 0.0149008  0.01374207 0.01251564 0.01159508 0.01085415
  0.01026526 0.00979526]
 [0.03578138 0.03383255 0.05642842 0.05753808 0.09399445 0.11592741
  0.1087658  0.11584255 0.06504344 0.07219786 0.03788279 0.03343843
  0.02637614 0.02439304 0.02252441 0.02137139 0.02048415 0.01982654
  0.01935132 0.01899983]
 [0.02025647 0.02226723 0.04167333 0.11790457 0.11742089 0.26636532
  0.12555549 0.05509568 0.03506947 0.06103338 0.03097047 0.02505658
  0.01681814 0.01337592 0.01091738 0.00942329 0.00847692 0.00783543
  0.00740072 0.00708334]
 [0.00646078 0.00476977 0.00863538 0.03045768 0.08016981 0.12034731
  0.11905723 0.16209237 0.04814683 0.03693762 0.03484309 0.04233089
  0.0436704  0.04424765 0.04204699 0.03929353 0.03669595 0.03457827
  0.03308637 0.03213217]
 [0.05414961 0.06321386 0.06511735 0.10014984 0.09595633 0.0446918
  0.02894672 0.018418   0.01754053 0.02599034 0.03147738 0.04176621
  0.04386726 0.04776894 0.04894678 0.05087038 0.05253515 0.05434874
  0.05618935 0.05805539]
 [0.01577619 0.02692499 0.0223092  0.04167594 0.02966942 0.01378799
  0.00421185 0.00753544 0.01456983 0.02870349 0.03752529 0.05571427
  0.05963506 0.07109943 0.07686387 0.0851229  0.09225675 0.09932671
  0.10575468 0.11153665]
 [0.03704964 0.03172602 0.08396678 0.11729643 0.22900708 0.13225704
  0.03240024 0.06584003 0.01914455 0.03407138 0.02661204 0.0335763
  0.02671433 0.02523096 0.0218151  0.0197685  0.01789241 0.01639788
  0.01514709 0.01408624]
 [0.03089594 0.05682697 0.06092183 0.07723984 0.07011494 0.05169373
  0.0962716  0.11268463 0.06895025 0.06214288 0.03777114 0.04188401
  0.03384454 0.03344861 0.03062727 0.02917788 0.02771484 0.02664732
  0.02585056 0.02529114]
 [0.06872064 0.09050333 0.0907191  0.11854623 0.05987505 0.04930774
  0.04007018 0.03287729 0.02424769 0.06301846 0.03566903 0.0421875
  0.03463143 0.03563398 0.03462065 0.03488353 0.03515187 0.03570349
  0.03641585 0.03721692]
 [0.09690102 0.46584412 0.11711622 0.11782368 0.06592412 0.01672484
  0.03157685 0.00699406 0.00685383 0.01060849 0.0075737  0.0074841
  0.00626927 0.00618371 0.00595911 0.00595289 0.00593711 0.00598948
  0.00607735 0.00620608]
 [0.11905949 0.44739306 0.10381357 0.06090019 0.03121302 0.01125516
  0.05612331 0.01433667 0.02979223 0.01986953 0.01846091 0.01301113
  0.01194264 0.01047014 0.00982667 0.0092046  0.00873179 0.00839307
  0.00816361 0.00803923]
 [0.12872973 0.40049955 0.10945924 0.04817978 0.03023754 0.01617459
  0.07858107 0.01743501 0.04682226 0.02149082 0.02225709 0.01352271
  0.01268219 0.01034329 0.00929566 0.00818847 0.0073446  0.00669354
  0.00620561 0.00585723]
 [0.1351491  0.37968913 0.10998905 0.05362362 0.03881857 0.01817781
  0.07666037 0.01705187 0.04681524 0.02031686 0.02171472 0.01334622
  0.01285751 0.01062548 0.00963645 0.00851182 0.00763263 0.00694056
  0.00641339 0.00602956]
 [0.12869185 0.40421346 0.1085055  0.05705594 0.04568511 0.01650031
  0.06956444 0.01508123 0.04011686 0.01707057 0.01884062 0.0119816
  0.01191647 0.01010473 0.00933584 0.00835767 0.00756497 0.00692454
  0.00642753 0.00606065]
 [0.13005115 0.37915903 0.10943453 0.06496215 0.05312665 0.01779042
  0.07128097 0.01563926 0.03949671 0.01613932 0.0182115  0.01189996
  0.01222961 0.01065973 0.01008651 0.00920488 0.00846156 0.00784045
  0.00734726 0.00697829]
 [0.12937008 0.3752914  0.10183107 0.05442817 0.04868235 0.01741546
  0.07721181 0.01854594 0.04650086 0.01807368 0.02014622 0.01305185
  0.01339659 0.01166232 0.01102475 0.01005012 0.00922536 0.00853516
  0.00798521 0.00757164]
 [0.1286853  0.36260727 0.10669938 0.06440474 0.05912963 0.01911077
  0.07891009 0.01751476 0.04175983 0.01575808 0.01782122 0.01174551
  0.01229338 0.01088667 0.01044142 0.0096349  0.00893325 0.0083333
  0.00784856 0.00748193]
 [0.13036223 0.36067286 0.10155857 0.05494233 0.05389487 0.01910407
  0.08473315 0.02005772 0.04769695 0.01718294 0.0190895  0.01240443
  0.01288445 0.01133889 0.01081777 0.00993756 0.00917592 0.00852867
  0.00800648 0.00761056]
 [0.12726009 0.35519964 0.10600566 0.0632481  0.0636044  0.02051309
  0.08667909 0.01875809 0.04291606 0.01509447 0.01693129 0.01111493
  0.01167716 0.01038146 0.00998772 0.00924215 0.00858604 0.00802188
  0.00756337 0.00721524]]
27804446-Q4968565	[[5.38711920e-02 5.21746688e-02 1.53421775e-01 3.93090218e-01
  1.73009515e-01 1.00247197e-01 3.76870260e-02 1.67808831e-02
  6.39132410e-03 2.75444519e-03 1.63276133e-03 1.25593040e-03
  1.10374636e-03 1.02558860e-03 9.77691030e-04 9.46011976e-04
  9.24706866e-04 9.10392322e-04 9.00760409e-04 8.94221244e-04]
 [8.13207030e-03 9.50646773e-03 1.40782937e-01 3.83852035e-01
  2.10657358e-01 9.81382504e-02 4.77349870e-02 2.45869886e-02
  1.47929844e-02 9.93538741e-03 7.63812708e-03 6.38081087e-03
  5.57980686e-03 5.07662864e-03 4.79101017e-03 4.63544112e-03
  4.54183342e-03 4.47261939e-03 4.41152882e-03 4.35272092e-03]
 [3.18369232e-02 2.96049193e-02 5.79553358e-02 1.25014624e-02
  3.58824506e-02 3.66610028e-02 6.39620274e-02 6.76963478e-02
  6.42115325e-02 6.42049685e-02 6.51123077e-02 6.47415295e-02
  6.22496121e-02 5.86844161e-02 5.48002385e-02 5.12058996e-02
  4.81297858e-02 4.55639549e-02 4.34125327e-02 4.15827557e-02]
 [6.04559146e-02 6.63777590e-02 3.56068194e-01 3.52088332e-01
  4.55333032e-02 3.82154174e-02 2.45948080e-02 1.61762964e-02
  9.93630476e-03 5.97494841e-03 4.13377304e-03 3.35149537e-03
  2.93374946e-03 2.62929802e-03 2.36944063e-03 2.14667781e-03
  1.96033902e-03 1.80608570e-03 1.67780486e-03 1.56997412e-03]
 [2.59440005e-01 2.00621888e-01 7.90814236e-02 4.68662269e-02
  1.49136186e-01 1.34723887e-01 7.04606697e-02 2.78485157e-02
  1.22973416e-02 5.62818069e-03 3.27790272e-03 2.26258114e-03
  1.70912419e-03 1.37073302e-03 1.15584861e-03 1.00815785e-03
  8.97266960e-04 8.08286888e-04 7.34260189e-04 6.71485963e-04]
 [3.71790856e-01 5.15298843e-01 7.71217514e-03 4.57392714e-04
  5.41702565e-03 1.15507571e-02 2.54788827e-02 2.07476299e-02
  1.54205859e-02 9.61280614e-03 5.56295319e-03 3.19554540e-03
  1.98186142e-03 1.35179958e-03 1.01607747e-03 8.29097349e-04
  7.20490294e-04 6.54724136e-04 6.13513053e-04 5.86993701e-04]
 [2.07377202e-03 5.23409294e-03 1.45924641e-02 2.82278634e-04
  1.01570785e-02 4.42933030e-02 1.71263501e-01 2.17243150e-01
  2.00100750e-01 1.44578606e-01 8.21440741e-02 4.10851017e-02
  2.18453333e-02 1.31024867e-02 8.85142665e-03 6.56072190e-03
  5.20511623e-03 4.33569448e-03 3.74050857e-03 3.31050181e-03]
 [1.85928380e-04 1.12790090e-03 1.43061089e-03 3.75692543e-05
  1.73111702e-03 7.28608901e-03 3.23219895e-02 5.46701699e-02
  7.75803626e-02 9.52573568e-02 1.05746314e-01 1.01731516e-01
  9.08528715e-02 8.03455412e-02 7.21495897e-02 6.55066520e-02
  5.98351024e-02 5.48795126e-02 5.05486242e-02 4.67751659e-02]
 [1.42282137e-04 6.79977413e-04 5.73199417e-04 1.03850125e-05
  2.34584833e-04 1.24965713e-03 8.08629673e-03 2.36123782e-02
  5.51353842e-02 9.91613343e-02 1.30354434e-01 1.26388028e-01
  1.07767880e-01 9.06748921e-02 7.80911744e-02 6.85364231e-02
  6.08716086e-02 5.45201190e-02 4.91982996e-02 4.47116494e-02]
 [3.02069413e-04 1.84928440e-03 6.05616625e-03 1.94574110e-04
  2.43198522e-03 1.41469464e-02 4.45857234e-02 7.37335756e-02
  1.10065989e-01 1.44526556e-01 1.51254609e-01 1.20187819e-01
  8.52730349e-02 6.11563139e-02 4.64084819e-02 3.70967574e-02
  3.08322068e-02 2.63665449e-02 2.30443012e-02 2.04871148e-02]
 [1.04697923e-04 5.05806122e-04 4.45376936e-04 1.25746828e-05
  1.86079138e-04 1.71357032e-03 8.40274058e-03 2.18134429e-02
  4.51699570e-02 7.87268057e-02 1.07865490e-01 1.12847701e-01
  1.03989922e-01 9.36052576e-02 8.53408352e-02 7.85788819e-02
  7.26607367e-02 6.73204958e-02 6.25089258e-02 5.82006983e-02]
 [8.20692338e-04 5.15160570e-03 1.84882358e-02 7.62319250e-04
  1.23057524e-02 5.16026393e-02 1.16928972e-01 1.29300952e-01
  1.22980468e-01 1.13888346e-01 1.01971656e-01 7.87916556e-02
  5.75344563e-02 4.32595275e-02 3.44397202e-02 2.86937468e-02
  2.46592555e-02 2.16498375e-02 1.93161424e-02 1.74540933e-02]
 [2.38219909e-05 1.11623536e-04 1.22152909e-04 3.23521340e-06
  3.96658361e-05 4.03249811e-04 2.55680596e-03 9.53558367e-03
  2.54055969e-02 5.18072993e-02 8.03449303e-02 9.50725749e-02
  9.82632041e-02 9.76201221e-02 9.65032354e-02 9.47791338e-02
  9.21978280e-02 8.88751447e-02 8.51228014e-02 8.12119618e-02]
 [1.56737468e-03 9.92081407e-03 4.21835072e-02 1.62124750e-03
  2.73716208e-02 8.75035077e-02 1.71888977e-01 1.59086123e-01
  1.23133689e-01 9.62702483e-02 7.70827308e-02 5.49851358e-02
  3.75276357e-02 2.66614594e-02 2.03395188e-02 1.64640397e-02
  1.38984378e-02 1.20810010e-02 1.07290037e-02 9.68383905e-03]
 [1.12377720e-05 5.45867042e-05 3.44473810e-05 1.11583336e-06
  1.43210473e-05 1.57743736e-04 1.19028694e-03 5.38822077e-03
  1.64039191e-02 3.62537354e-02 6.06030375e-02 7.82198161e-02
  8.82393569e-02 9.48148221e-02 1.00080729e-01 1.03641413e-01
  1.05208091e-01 1.04996294e-01 1.03502043e-01 1.01184770e-01]
 [1.55764609e-03 1.00236125e-02 4.46802191e-02 1.97653822e-03
  3.04951966e-02 8.91185924e-02 1.72412604e-01 1.59130663e-01
  1.19987123e-01 9.08330753e-02 7.22581148e-02 5.24843708e-02
  3.69437560e-02 2.71446090e-02 2.13456564e-02 1.77135523e-02
  1.52517054e-02 1.34684881e-02 1.21172331e-02 1.10572167e-02]
 [1.63426375e-05 8.53499005e-05 4.51731576e-05 1.53747942e-06
  1.94367021e-05 1.83323835e-04 1.27317267e-03 5.34419622e-03
  1.54871605e-02 3.35661471e-02 5.62475771e-02 7.36486018e-02
  8.45676363e-02 9.25192609e-02 9.93772596e-02 1.04603365e-01
  1.07766986e-01 1.08994268e-01 1.08750895e-01 1.07502364e-01]
 [1.61089317e-03 1.11494819e-02 4.51337136e-02 2.04574969e-03
  3.20474543e-02 8.73921067e-02 1.68330148e-01 1.55637667e-01
  1.17714800e-01 8.96067768e-02 7.20733330e-02 5.30863181e-02
  3.79017182e-02 2.82386225e-02 2.25050524e-02 1.89050864e-02
  1.64516121e-02 1.46609582e-02 1.32939238e-02 1.22146765e-02]
 [1.57241047e-05 8.24159215e-05 4.56361813e-05 1.70596229e-06
  2.17089710e-05 1.85252720e-04 1.22964079e-03 4.89613181e-03
  1.37602640e-02 2.95942109e-02 5.01963347e-02 6.74142689e-02
  7.98338354e-02 9.00384933e-02 9.92985517e-02 1.06753603e-01
  1.11794367e-01 1.14500195e-01 1.15377106e-01 1.14960507e-01]
 [1.63533003e-03 1.20986914e-02 4.50772084e-02 2.15200055e-03
  3.47326286e-02 8.85523334e-02 1.68764979e-01 1.53674021e-01
  1.15740418e-01 8.83090645e-02 7.14314356e-02 5.28495237e-02
  3.77949029e-02 2.81901471e-02 2.25235354e-02 1.89947672e-02
  1.66033991e-02 1.48617486e-02 1.35321803e-02 1.24815842e-02]]
27804446-Q4968566	[[1.50112599e-01 2.07101449e-01 2.01328740e-01 1.44488379e-01
  8.44818875e-02 9.60498750e-02 6.97147995e-02 2.76649632e-02
  7.36154895e-03 2.68928567e-03 1.47283927e-03 1.06169702e-03
  9.11375450e-04 8.46652838e-04 8.13507824e-04 7.94186431e-04
  7.82844378e-04 7.76586297e-04 7.73700769e-04 7.73063861e-04]
 [1.44935951e-01 1.93609476e-01 1.52165592e-01 2.24265471e-01
  9.46716145e-02 9.13353860e-02 8.06899071e-02 1.28544206e-02
  2.44541233e-03 5.31664118e-04 3.11109441e-04 2.62464077e-04
  2.46045995e-04 2.36758031e-04 2.32477745e-04 2.32305538e-04
  2.35329746e-04 2.40286288e-04 2.46131211e-04 2.52172380e-04]
 [8.76773447e-02 1.90470651e-01 2.30191901e-01 3.15985084e-01
  1.06195591e-01 2.03597751e-02 2.64112595e-02 1.58077721e-02
  4.83158650e-03 1.05459057e-03 2.65872251e-04 1.26745697e-04
  8.99477091e-05 7.71240520e-05 7.43672208e-05 7.48489838e-05
  7.58831811e-05 7.65607256e-05 7.67080637e-05 7.63827047e-05]
 [2.35713720e-01 1.54495090e-01 1.88174695e-01 2.64591545e-01
  5.61198816e-02 3.05119455e-02 4.35987897e-02 1.38939265e-02
  4.28012060e-03 1.81358529e-03 8.34286970e-04 5.62345725e-04
  5.61699853e-04 5.90010313e-04 6.24059991e-04 6.60179299e-04
  6.95645111e-04 7.29160442e-04 7.60304974e-04 7.89076148e-04]
 [1.81580022e-01 3.51437628e-01 2.06580177e-01 1.69088304e-01
  4.33021858e-02 1.44765871e-02 2.54085958e-02 4.51142294e-03
  1.52261381e-03 4.70177009e-04 2.12817133e-04 1.80385163e-04
  1.64414552e-04 1.55222864e-04 1.51576824e-04 1.50101216e-04
  1.50067441e-04 1.50962995e-04 1.52463588e-04 1.54289170e-04]
 [2.41553858e-01 1.85084030e-01 2.17812940e-01 2.92519122e-01
  3.64110395e-02 1.62973572e-02 4.70612431e-03 1.58038514e-03
  9.95948678e-04 4.74981731e-04 2.88214535e-04 2.62104761e-04
  2.60275585e-04 2.58969871e-04 2.56542728e-04 2.53630365e-04
  2.50643672e-04 2.47645745e-04 2.44623952e-04 2.41554022e-04]
 [1.83982253e-01 1.62488848e-01 1.89926386e-01 3.73431891e-01
  6.91465512e-02 1.17474711e-02 6.37572631e-03 1.50787761e-03
  8.97139485e-04 2.73803278e-04 7.51056723e-05 3.85106177e-05
  2.29167763e-05 1.63438654e-05 1.36138888e-05 1.22524707e-05
  1.14628956e-05 1.09428538e-05 1.05735880e-05 1.02923477e-05]
 [2.77473032e-01 1.45775899e-01 1.92211539e-01 3.34641814e-01
  1.53173767e-02 1.29362913e-02 1.72699355e-02 3.14682419e-03
  9.63659317e-04 9.85716251e-05 4.19073622e-05 3.45260123e-05
  2.27191103e-05 1.53358251e-05 1.15521561e-05 9.47738408e-06
  8.27890563e-06 7.54283246e-06 7.06361106e-06 6.72866827e-06]
 [1.19164944e-01 1.19690336e-01 1.48927286e-01 4.98234034e-01
  4.97087240e-02 1.11560021e-02 2.22989954e-02 1.36592751e-02
  7.16268364e-03 1.63222756e-03 6.74355484e-04 6.55395794e-04
  7.55011512e-04 8.24670307e-04 8.73025099e-04 9.03196284e-04
  9.19444137e-04 9.24530323e-04 9.21826169e-04 9.14077740e-04]
 [1.67059228e-01 2.72503078e-01 1.70442432e-01 3.30568731e-01
  4.22708429e-02 3.27110011e-03 1.82266778e-03 9.32786264e-04
  7.26739119e-04 3.75383010e-04 5.14346117e-04 6.84346363e-04
  8.58623360e-04 9.85516119e-04 1.07408047e-03 1.13251270e-03
  1.17019762e-03 1.19261781e-03 1.20471965e-03 1.21014880e-03]
 [1.40667453e-01 2.52538323e-01 1.64821267e-01 1.85999423e-01
  1.79558173e-01 2.70931143e-02 1.12567768e-02 6.03643199e-03
  2.88186176e-03 1.30864664e-03 1.61838962e-03 1.95117621e-03
  2.34662020e-03 2.66638212e-03 2.91047036e-03 3.08556063e-03
  3.21058440e-03 3.29688797e-03 3.35595175e-03 3.39659071e-03]
 [1.48846954e-01 2.65226781e-01 1.73463553e-01 2.00640783e-01
  1.54998302e-01 3.41869146e-02 8.86995252e-03 6.57630246e-03
  2.80029932e-03 8.16594868e-04 4.46214457e-04 3.51477443e-04
  3.30999377e-04 3.32909898e-04 3.41006555e-04 3.48089990e-04
  3.53122392e-04 3.55923519e-04 3.56990960e-04 3.56842909e-04]
 [1.58655882e-01 2.77406931e-01 1.84029222e-01 2.24207953e-01
  9.73232836e-02 3.30140293e-02 9.09785181e-03 7.61930179e-03
  3.83689394e-03 1.14108226e-03 5.38658351e-04 3.98239994e-04
  3.49361479e-04 3.35701770e-04 3.35854827e-04 3.38828249e-04
  3.41689418e-04 3.43264401e-04 3.43478052e-04 3.42524523e-04]
 [1.62469447e-01 2.57376462e-01 1.89244404e-01 2.31233940e-01
  8.56241807e-02 4.28565480e-02 1.06123760e-02 9.93393268e-03
  5.26855886e-03 1.55907415e-03 6.52222079e-04 4.48616978e-04
  3.68851644e-04 3.40439234e-04 3.33713833e-04 3.33469972e-04
  3.34976998e-04 3.36192024e-04 3.36561410e-04 3.36002122e-04]
 [1.63934410e-01 2.53458381e-01 1.95026010e-01 2.22659707e-01
  7.73984343e-02 4.92708944e-02 1.18025169e-02 1.25717381e-02
  7.22186500e-03 2.28956761e-03 9.16323683e-04 5.78205043e-04
  4.35798429e-04 3.78343626e-04 3.56656383e-04 3.47379886e-04
  3.42876971e-04 3.39831400e-04 3.37040867e-04 3.34048120e-04]
 [1.69230297e-01 2.52728492e-01 2.03213707e-01 2.06365198e-01
  7.07183406e-02 5.35364002e-02 1.27238631e-02 1.47803053e-02
  9.14426986e-03 3.14933434e-03 1.20593130e-03 6.77343400e-04
  4.54788504e-04 3.61246028e-04 3.19665094e-04 2.97735096e-04
  2.84692505e-04 2.75825179e-04 2.69083481e-04 2.63452850e-04]
 [1.77387208e-01 2.49488011e-01 2.13995814e-01 1.91018865e-01
  6.32596090e-02 5.67726679e-02 1.36203384e-02 1.62673146e-02
  1.08402353e-02 3.92232556e-03 1.34918361e-03 6.34563097e-04
  3.53303301e-04 2.37966058e-04 1.85286888e-04 1.57148839e-04
  1.40553035e-04 1.29895940e-04 1.22559170e-04 1.17170654e-04]
 [1.90945968e-01 2.29310662e-01 2.20884919e-01 1.83618397e-01
  6.01433255e-02 6.20981753e-02 1.46099133e-02 1.79870166e-02
  1.28391441e-02 4.74515418e-03 1.45786651e-03 5.75080339e-04
  2.61973531e-04 1.45754748e-04 9.71870686e-05 7.34467540e-05
  6.05162786e-05 5.28365745e-05 4.79539194e-05 4.46580052e-05]
 [2.03308046e-01 2.08260894e-01 2.24812940e-01 1.79469690e-01
  5.74684516e-02 6.77831918e-02 1.47813931e-02 2.02193744e-02
  1.58831514e-02 5.39342919e-03 1.51189696e-03 5.39763016e-04
  2.20223301e-04 1.10080262e-04 6.71445887e-05 4.74692351e-05
  3.73288422e-05 3.15946199e-05 2.81125522e-05 2.58679611e-05]
 [2.09230095e-01 1.92957863e-01 2.27163762e-01 1.79209128e-01
  5.32772914e-02 7.22256452e-02 1.45982979e-02 2.27884781e-02
  2.05874704e-02 5.58878062e-03 1.38420810e-03 4.93949628e-04
  1.98245078e-04 9.67224987e-05 5.77050450e-05 4.01271354e-05
  3.12142620e-05 2.62543508e-05 2.32938528e-05 2.14237425e-05]]
27804446-Q12033817	[[1.86921135e-01 2.28390977e-01 1.95265993e-01 2.14635119e-01
  9.29205194e-02 3.61915454e-02 1.62315499e-02 5.99224959e-03
  3.57935764e-03 2.41552852e-03 2.00306461e-03 1.88000465e-03
  1.81708287e-03 1.77299557e-03 1.73669332e-03 1.70447410e-03
  1.67494209e-03 1.64747972e-03 1.62174529e-03 1.59751112e-03]
 [1.81911692e-01 1.97216392e-01 2.06641465e-01 2.22138539e-01
  8.53157863e-02 3.72462608e-02 1.41509082e-02 7.15742912e-03
  5.57302078e-03 4.87080077e-03 4.35144035e-03 4.06844448e-03
  3.89733305e-03 3.78699577e-03 3.71367042e-03 3.66116199e-03
  3.62077751e-03 3.58739286e-03 3.55835236e-03 3.53217474e-03]
 [2.34965295e-01 2.00888589e-01 2.02849001e-01 1.85467273e-01
  8.28224719e-02 2.23119371e-02 7.54056638e-03 4.52957628e-03
  4.95965546e-03 5.10296505e-03 4.90257237e-03 4.82089678e-03
  4.79253242e-03 4.79218643e-03 4.80736280e-03 4.83071432e-03
  4.85828286e-03 4.88805538e-03 4.91908006e-03 4.95093036e-03]
 [1.86146468e-01 2.03266144e-01 2.28055671e-01 2.34416753e-01
  1.08925618e-01 2.80716531e-02 6.62356941e-03 1.95181440e-03
  6.11377531e-04 2.74573133e-04 1.99469912e-04 1.77630762e-04
  1.68227489e-04 1.63950885e-04 1.61495511e-04 1.59845498e-04
  1.58443057e-04 1.57110378e-04 1.55759641e-04 1.54374211e-04]
 [2.45494410e-01 2.05365673e-01 2.62384325e-01 1.54854551e-01
  8.41288567e-02 3.03267911e-02 6.50321366e-03 1.92542630e-03
  1.08378590e-03 7.72570842e-04 6.85508305e-04 6.68744033e-04
  6.72053546e-04 6.81503734e-04 6.95590395e-04 7.12223293e-04
  7.30739790e-04 7.50472129e-04 7.71114894e-04 7.92432402e-04]
 [1.42815128e-01 1.96664914e-01 2.60613054e-01 1.70591563e-01
  1.42303199e-01 6.52809888e-02 1.49577390e-02 2.74347072e-03
  7.72824336e-04 4.06476873e-04 3.12427961e-04 2.83287605e-04
  2.74780410e-04 2.73089739e-04 2.74667487e-04 2.77716521e-04
  2.81645189e-04 2.86092312e-04 2.90905795e-04 2.95981037e-04]
 [2.20830545e-01 2.09423006e-01 2.13838220e-01 1.06058456e-01
  8.78858566e-02 9.84045640e-02 3.93236503e-02 9.68827773e-03
  2.54337955e-03 1.36868237e-03 1.07412308e-03 9.81854741e-04
  9.63804603e-04 9.77643067e-04 1.00656657e-03 1.04305253e-03
  1.08332792e-03 1.12543628e-03 1.16830645e-03 1.21133134e-03]
 [2.39318639e-01 2.03719959e-01 2.47325554e-01 1.09748103e-01
  9.35947970e-02 5.80334477e-02 2.27969438e-02 6.95318589e-03
  2.16160412e-03 1.62115833e-03 1.54047646e-03 1.47813605e-03
  1.45284773e-03 1.44136848e-03 1.44262542e-03 1.44983118e-03
  1.46084628e-03 1.47347455e-03 1.48681831e-03 1.50022190e-03]
 [1.47329405e-01 1.93050697e-01 2.81719536e-01 1.32913679e-01
  1.08879358e-01 9.20692608e-02 3.26471701e-02 4.91281599e-03
  9.39520483e-04 5.98731916e-04 5.23469527e-04 4.90135513e-04
  4.82140167e-04 4.82550677e-04 4.85985598e-04 4.89819620e-04
  4.93257830e-04 4.95926826e-04 4.97759320e-04 4.98767418e-04]
 [1.40278354e-01 2.19618052e-01 3.17802608e-01 1.72607496e-01
  8.82629231e-02 2.86271200e-02 8.52400716e-03 3.28279170e-03
  1.98865146e-03 1.82067894e-03 1.75560312e-03 1.70911895e-03
  1.68923941e-03 1.69269682e-03 1.70136010e-03 1.71230838e-03
  1.72205223e-03 1.73002086e-03 1.73570414e-03 1.73916051e-03]
 [1.48743197e-01 2.11042240e-01 3.29289973e-01 2.01404601e-01
  7.52765313e-02 1.75247248e-02 4.16630087e-03 1.50864630e-03
  9.68334556e-04 9.27221205e-04 9.16209421e-04 9.02821659e-04
  8.97948223e-04 9.02881962e-04 9.09163500e-04 9.15783166e-04
  9.21193394e-04 9.25276952e-04 9.27891699e-04 9.29147762e-04]
 [1.46878734e-01 2.14518785e-01 3.28955978e-01 1.99755102e-01
  7.33234361e-02 1.82351209e-02 4.67354339e-03 1.51947758e-03
  1.00122124e-03 9.98595497e-04 1.00543897e-03 9.97888623e-04
  9.95159149e-04 1.00172346e-03 1.00914552e-03 1.01672381e-03
  1.02289952e-03 1.02763937e-03 1.03080878e-03 1.03255420e-03]
 [1.44878298e-01 2.03750730e-01 3.23571682e-01 2.14299023e-01
  7.46046752e-02 1.74243301e-02 4.58594505e-03 1.59059127e-03
  1.15883304e-03 1.22547476e-03 1.26118597e-03 1.26350170e-03
  1.26548123e-03 1.27669831e-03 1.28772121e-03 1.29830057e-03
  1.30674499e-03 1.31318183e-03 1.31754472e-03 1.32006663e-03]
 [1.43216059e-01 1.89976841e-01 3.09132725e-01 2.30968937e-01
  7.87693188e-02 1.84158180e-02 5.16657718e-03 1.95843144e-03
  1.56409817e-03 1.75471220e-03 1.84343604e-03 1.86248543e-03
  1.87171088e-03 1.89076108e-03 1.90762151e-03 1.92291243e-03
  1.93459715e-03 1.94312504e-03 1.94854173e-03 1.95127341e-03]
 [1.41273782e-01 1.82036296e-01 2.99908668e-01 2.42493585e-01
  7.96934590e-02 1.82750821e-02 5.20254811e-03 2.10462906e-03
  1.83462002e-03 2.21206993e-03 2.38003931e-03 2.42978474e-03
  2.45277071e-03 2.48212367e-03 2.50516995e-03 2.52443552e-03
  2.53807683e-03 2.54719914e-03 2.55210209e-03 2.55350326e-03]
 [1.40403330e-01 1.72340259e-01 2.87553698e-01 2.59995461e-01
  8.17126408e-02 1.80768333e-02 5.00813546e-03 2.09148275e-03
  1.92591199e-03 2.44986522e-03 2.67831585e-03 2.75903614e-03
  2.79781129e-03 2.83680134e-03 2.86432891e-03 2.88525969e-03
  2.89857225e-03 2.90616602e-03 2.90873926e-03 2.90730689e-03]
 [1.41994998e-01 1.75116062e-01 2.83593595e-01 2.75991857e-01
  7.71892741e-02 1.61285624e-02 4.23587486e-03 1.76601449e-03
  1.61739544e-03 1.88380445e-03 1.97839527e-03 2.00815755e-03
  2.02276441e-03 2.04318855e-03 2.05765478e-03 2.06863880e-03
  2.07491196e-03 2.07761861e-03 2.07712641e-03 2.07407796e-03]
 [1.44924864e-01 1.90892860e-01 2.85772532e-01 2.81707317e-01
  6.64806515e-02 1.34160621e-02 3.41298152e-03 1.38106896e-03
  1.20381103e-03 1.08509895e-03 1.01540238e-03 9.82302823e-04
  9.66663705e-04 9.64442675e-04 9.64561827e-04 9.65891930e-04
  9.66647523e-04 9.66715335e-04 9.65892861e-04 9.64263396e-04]
 [1.47592485e-01 2.14765996e-01 3.00782084e-01 2.59603292e-01
  5.67436852e-02 1.17892353e-02 2.86652893e-03 1.00590568e-03
  8.00467271e-04 5.44403680e-04 4.28231346e-04 3.78266559e-04
  3.53487878e-04 3.42413579e-04 3.36853001e-04 3.34406970e-04
  3.33340897e-04 3.32995201e-04 3.32935189e-04 3.32971074e-04]
 [1.42875373e-01 2.28317663e-01 3.21502417e-01 2.42059603e-01
  5.10022826e-02 9.96214896e-03 1.94776908e-03 5.77610044e-04
  4.22238867e-04 2.32495877e-04 1.56048074e-04 1.25529390e-04
  1.11100664e-04 1.04504870e-04 1.01369616e-04 1.00134173e-04
  9.98448595e-05 1.00076693e-04 1.00573168e-04 1.01205973e-04]]
27804446-Q12033819	[[3.73172536e-02 2.57570632e-02 2.30991058e-02 6.26186747e-03
  4.23944294e-02 4.20760699e-02 4.81660403e-02 1.17466571e-02
  6.02205396e-02 8.10528025e-02 6.52846768e-02 6.60705343e-02
  5.12609668e-02 5.42821027e-02 8.15173611e-02 3.54702771e-02
  5.03919311e-02 7.12073669e-02 7.26290047e-02 7.37939402e-02]
 [1.30047407e-02 1.37884431e-02 1.44721875e-02 1.84729509e-02
  7.99992867e-03 6.49688626e-03 1.91029091e-03 2.17389073e-02
  1.47567177e-02 1.78979784e-02 8.52937102e-02 2.45872438e-02
  4.26796675e-02 1.18021697e-01 3.24098431e-02 6.72800839e-02
  3.28649916e-02 2.05247909e-01 4.51363958e-02 2.15939388e-01]
 [7.95337080e-04 2.05707550e-03 1.28599167e-01 1.53550789e-01
  9.81733948e-02 2.64469326e-01 3.20203006e-01 2.80860886e-02
  1.77187216e-03 9.72493261e-04 1.75829540e-04 2.69082957e-04
  3.72755632e-04 1.44363266e-05 6.06749563e-05 9.96616727e-05
  2.63430353e-04 2.73206206e-06 3.32488780e-05 2.95612790e-05]
 [7.31864828e-04 3.19367275e-03 1.59152657e-01 3.04344922e-01
  7.76148289e-02 1.33964062e-01 2.37438411e-01 7.32308254e-02
  2.19512638e-03 3.88225331e-03 6.27088244e-04 6.09679439e-04
  1.83413981e-03 8.61240842e-05 1.52489942e-04 1.86385500e-04
  6.63709536e-04 4.97485098e-06 5.75529448e-05 2.91767337e-05]
 [1.09331042e-03 4.28357627e-03 1.48675159e-01 2.35265106e-01
  7.15307295e-02 1.95755690e-01 2.71575719e-01 5.17121926e-02
  4.56740102e-03 7.02602556e-03 1.18230644e-03 1.16979890e-03
  4.29250766e-03 1.08928471e-04 1.84524615e-04 3.53912561e-04
  1.12142763e-03 7.20666321e-06 5.77011306e-05 3.68550172e-05]
 [6.50086731e-04 3.04718921e-03 2.73453355e-01 2.52172053e-01
  6.77546486e-02 1.16199873e-01 2.25689828e-01 5.43184392e-02
  2.22471333e-03 2.26865802e-03 4.52097564e-04 4.29546315e-04
  9.37109231e-04 2.06536261e-05 4.82132091e-05 7.28344967e-05
  2.36544103e-04 1.48118727e-06 1.51472777e-05 7.57932867e-06]
 [1.09932851e-03 6.18275395e-03 2.04098865e-01 1.94342494e-01
  4.56494540e-02 1.28932476e-01 3.72650355e-01 4.12400514e-02
  1.33279525e-03 2.52663554e-03 3.03351844e-04 2.71316821e-04
  1.02539314e-03 1.91864929e-05 3.38936807e-05 4.85957171e-05
  2.26741162e-04 1.06865673e-06 1.06545795e-05 4.61755508e-06]
 [7.79992086e-04 3.56168929e-03 2.51576722e-01 2.03673884e-01
  5.78094423e-02 9.67663527e-02 3.23523253e-01 5.62027805e-02
  1.92139100e-03 2.40614032e-03 3.69995920e-04 3.61312093e-04
  7.71399878e-04 1.40890834e-05 3.51661074e-05 4.25924845e-05
  1.68647675e-04 9.12359326e-07 9.95761184e-06 4.22260746e-06]
 [1.16017531e-03 6.62224460e-03 2.14410499e-01 1.66245073e-01
  3.90485600e-02 1.13247782e-01 4.11755115e-01 4.31970321e-02
  1.03590521e-03 2.11604265e-03 2.11123101e-04 1.73572233e-04
  6.09039329e-04 1.02222566e-05 1.73997742e-05 2.23637107e-05
  1.09730594e-04 5.34693868e-07 5.36010839e-06 2.14448391e-06]
 [8.14559462e-04 4.37190384e-03 2.45533273e-01 2.27286890e-01
  4.68422845e-02 6.77657798e-02 3.31896365e-01 6.91145957e-02
  1.76169071e-03 2.91719404e-03 3.74896248e-04 3.33839271e-04
  7.29121559e-04 1.50512951e-05 3.51055533e-05 3.54034346e-05
  1.57604736e-04 8.51425227e-07 9.74167597e-06 3.85467729e-06]
 [1.17625168e-03 6.26077317e-03 2.08502769e-01 1.40463144e-01
  3.73494960e-02 1.14540108e-01 4.42699432e-01 4.53751199e-02
  9.41714621e-04 1.88356836e-03 1.66036421e-04 1.27084495e-04
  4.12382156e-04 7.00290502e-06 1.09401617e-05 1.37010366e-05
  6.54985852e-05 3.45826720e-07 3.34108222e-06 1.32513185e-06]
 [7.80957635e-04 4.75048460e-03 2.42946953e-01 2.52595574e-01
  4.11151052e-02 5.19068092e-02 3.16596001e-01 8.29088017e-02
  1.63941330e-03 3.16259800e-03 3.76370241e-04 3.05933296e-04
  6.59687619e-04 1.67585094e-05 3.65316919e-05 3.27469861e-05
  1.54218666e-04 8.64866308e-07 1.02537542e-05 3.98358634e-06]
 [1.25164259e-03 6.40910631e-03 2.11110801e-01 1.26216576e-01
  3.86836454e-02 1.23798765e-01 4.44269031e-01 4.50688936e-02
  9.27798974e-04 1.63673353e-03 1.42530567e-04 1.04625338e-04
  3.03728419e-04 5.74715477e-06 8.33090508e-06 1.07914329e-05
  4.74445114e-05 2.75047995e-07 2.52353084e-06 1.03935258e-06]
 [7.28644722e-04 4.79653990e-03 2.43068919e-01 2.55205154e-01
  3.84363718e-02 4.51589003e-02 3.10295403e-01 9.59568322e-02
  1.57021591e-03 3.27674090e-03 3.74976662e-04 2.85451737e-04
  5.86763083e-04 1.89207494e-05 3.83624356e-05 3.20283216e-05
  1.53569927e-04 9.10991730e-07 1.10069241e-05 4.27810210e-06]
 [1.34580256e-03 6.96055125e-03 2.22437799e-01 1.19310565e-01
  4.18024585e-02 1.35853738e-01 4.24584866e-01 4.46997620e-02
  9.83189675e-04 1.47174392e-03 1.36823626e-04 9.76633019e-05
  2.47685413e-04 5.45373950e-06 7.50538948e-06 1.03137909e-05
  4.06452782e-05 2.56898915e-07 2.25709459e-06 9.77295372e-07]
 [6.93091599e-04 4.75376239e-03 2.36752093e-01 2.45349303e-01
  3.69170159e-02 4.19065431e-02 3.15604746e-01 1.11362398e-01
  1.59143656e-03 3.55791207e-03 3.94920906e-04 2.84697686e-04
  5.51472127e-04 2.29016205e-05 4.27868763e-05 3.39294202e-05
  1.62452256e-04 1.03477157e-06 1.25609286e-05 4.94170718e-06]
 [1.40788569e-03 7.41271023e-03 2.30418101e-01 1.14915848e-01
  4.49017882e-02 1.45689517e-01 4.05882567e-01 4.63674106e-02
  1.07294810e-03 1.40841352e-03 1.41300392e-04 9.79715842e-05
  2.17321620e-04 5.71323972e-06 7.51843254e-06 1.08098193e-05
  3.85142594e-05 2.65497931e-07 2.24488804e-06 1.02529202e-06]
 [6.77290722e-04 4.70198644e-03 2.24505201e-01 2.33802855e-01
  3.62753347e-02 4.02905457e-02 3.24637800e-01 1.27898723e-01
  1.69758266e-03 3.94220743e-03 4.31395572e-04 2.96375103e-04
  5.32450795e-04 2.80443528e-05 4.86917597e-05 3.72873692e-05
  1.74785295e-04 1.19682659e-06 1.44022233e-05 5.80964752e-06]
 [1.44152238e-03 7.60436105e-03 2.31988370e-01 1.11540921e-01
  4.74434458e-02 1.52214617e-01 3.94963443e-01 4.96712290e-02
  1.18113891e-03 1.42738014e-03 1.51744855e-04 1.02192789e-04
  2.01136878e-04 6.33025911e-06 7.98942438e-06 1.17515247e-05
  3.85923704e-05 2.90350272e-07 2.36081155e-06 1.14206136e-06]
 [6.77233504e-04 4.69242688e-03 2.13883683e-01 2.24356219e-01
  3.63947898e-02 3.97504717e-02 3.30670565e-01 1.41799122e-01
  1.84575492e-03 4.29115212e-03 4.71979030e-04 3.11371958e-04
  5.17122331e-04 3.30573421e-05 5.42906891e-05 4.09402128e-05
  1.85620054e-04 1.35522669e-06 1.60355066e-05 6.69753399e-06]]
