27804446-Q4968563	[[2.46510550e-01 2.24610344e-01 2.53423512e-01 3.95797938e-02
  3.58485430e-02 4.53500375e-02 5.57634570e-02 3.39219458e-02
  1.79034993e-02 1.06042223e-02 7.55591504e-03 5.79155888e-03
  4.61378088e-03 3.78738460e-03 3.19936289e-03 2.77892174e-03
  2.47510942e-03 2.25110166e-03 2.08149175e-03 1.94940681e-03]
 [2.58440346e-01 1.13737255e-01 1.17972031e-01 5.46862036e-02
  3.18973362e-02 3.74143496e-02 6.82162121e-02 7.19571412e-02
  4.85899225e-02 4.03938815e-02 3.25028077e-02 2.50073764e-02
  1.93242151e-02 1.54923704e-02 1.30548999e-02 1.15453918e-02
  1.06175020e-02 1.00421179e-02 9.67599079e-03 9.43264272e-03]
 [4.18958455e-01 1.95748001e-01 2.43964970e-01 3.90799977e-02
  1.74449347e-02 1.31426649e-02 1.10106757e-02 2.15201098e-02
  1.43207256e-02 8.89595784e-03 5.24074258e-03 3.12634604e-03
  1.97194051e-03 1.34740188e-03 1.00317644e-03 8.07148055e-04
  6.90830639e-04 6.18344522e-04 5.70549222e-04 5.37062355e-04]
 [4.85642791e-01 2.07218647e-01 2.05805689e-01 3.24862264e-02
  9.11564287e-03 9.97508038e-03 1.86418742e-02 1.18191410e-02
  6.11524424e-03 4.55819489e-03 3.01205902e-03 1.83018961e-03
  1.11427635e-03 7.19020376e-04 5.04516822e-04 3.85196210e-04
  3.15614219e-04 2.72548088e-04 2.44089402e-04 2.24012518e-04]
 [2.58871555e-01 2.13451818e-01 2.79452711e-01 7.81516805e-02
  7.88671300e-02 3.27160470e-02 1.53775550e-02 1.20589165e-02
  6.74380502e-03 5.55328652e-03 4.38203989e-03 3.27328476e-03
  2.43117195e-03 1.86073966e-03 1.49573397e-03 1.26700441e-03
  1.12306629e-03 1.03028736e-03 9.68041189e-04 9.24086664e-04]
 [3.78214061e-01 2.43457824e-01 2.28638723e-01 5.97070865e-02
  2.03651991e-02 2.10349895e-02 2.68267952e-02 1.31794689e-02
  3.21785896e-03 1.77247694e-03 1.12381752e-03 7.13631045e-04
  4.66941099e-04 3.23513494e-04 2.39782588e-04 1.89440587e-04
  1.57799572e-04 1.36855539e-04 1.22242651e-04 1.11540052e-04]
 [3.73294443e-01 1.95553929e-01 1.93411782e-01 1.58631608e-01
  3.84153798e-02 1.36854006e-02 1.10630998e-02 4.03551478e-03
  1.79480691e-03 1.49433303e-03 1.31795707e-03 1.14529312e-03
  1.00176863e-03 8.93068034e-04 8.13797407e-04 7.56260182e-04
  7.13901070e-04 6.82014856e-04 6.57434750e-04 6.38067140e-04]
 [2.88518846e-01 1.87437147e-01 3.01723123e-01 1.51524961e-01
  3.45454961e-02 1.05503537e-02 4.36952198e-03 6.30121632e-03
  3.69723281e-03 2.47972994e-03 1.81222474e-03 1.38277421e-03
  1.09864015e-03 9.07322508e-04 7.75383844e-04 6.81923470e-04
  6.13866898e-04 5.62949979e-04 5.23910508e-04 4.93367203e-04]
 [1.16884321e-01 9.08727348e-02 8.93015042e-02 1.37925997e-01
  8.00936893e-02 4.47420366e-02 2.75236629e-02 2.98274420e-02
  3.28270569e-02 4.28781658e-02 4.65691723e-02 4.38821726e-02
  3.89263034e-02 3.40549573e-02 3.00166365e-02 2.68347692e-02
  2.43366007e-02 2.23485045e-02 2.07389481e-02 1.94153283e-02]
 [2.33619846e-02 2.14689914e-02 1.59279089e-02 3.58467437e-02
  1.99899394e-02 3.68767604e-02 6.56635836e-02 3.52269970e-02
  3.13210636e-02 4.15821597e-02 5.01200557e-02 5.65868802e-02
  6.19792864e-02 6.65201545e-02 7.00482130e-02 7.24080428e-02
  7.36639500e-02 7.40653351e-02 7.39075243e-02 7.34344497e-02]
 [2.15514377e-02 2.62683425e-02 2.07209624e-02 1.26667852e-02
  1.90517250e-02 6.93852305e-02 1.80197209e-01 8.34216401e-02
  6.05105087e-02 5.86538687e-02 5.47630265e-02 5.07851988e-02
  4.78098951e-02 4.57710400e-02 4.43053097e-02 4.30800021e-02
  4.19185720e-02 4.07806262e-02 3.96879725e-02 3.86706255e-02]
 [4.84110937e-02 5.91852143e-02 4.96236533e-02 1.84220709e-02
  2.84597743e-02 9.76624340e-02 2.09570035e-01 9.32950526e-02
  6.13573864e-02 5.02746366e-02 4.16660532e-02 3.57288532e-02
  3.18768583e-02 2.93308925e-02 2.74938792e-02 2.59934440e-02
  2.46535875e-02 2.34214757e-02 2.22946592e-02 2.12789048e-02]
 [9.38185975e-02 1.03194222e-01 8.96024480e-02 3.68199646e-02
  4.00533825e-02 1.01015948e-01 1.70814037e-01 7.55464658e-02
  4.97917011e-02 3.78919803e-02 2.99818981e-02 2.52208449e-02
  2.24035755e-02 2.06604376e-02 1.94446184e-02 1.84494108e-02
  1.75413694e-02 1.66873429e-02 1.58929881e-02 1.51687935e-02]
 [1.68783814e-01 1.75561801e-01 1.61846295e-01 4.87537980e-02
  3.98878790e-02 7.40624592e-02 1.03206202e-01 5.11028729e-02
  3.50583084e-02 2.47715209e-02 1.84571370e-02 1.49597740e-02
  1.29991770e-02 1.18403835e-02 1.10724559e-02 1.04771312e-02
  9.95757990e-03 9.48374160e-03 9.05232225e-03 8.66541266e-03]
 [2.70805627e-01 2.63392180e-01 2.57926583e-01 4.22469079e-02
  2.29091458e-02 3.13104950e-02 3.56264375e-02 2.02744957e-02
  1.42676933e-02 9.12534725e-03 6.12759357e-03 4.55127098e-03
  3.68722109e-03 3.18359490e-03 2.86326976e-03 2.63649132e-03
  2.46037147e-03 2.31606676e-03 2.19534920e-03 2.09385226e-03]
 [3.10190111e-01 2.99075365e-01 2.99960673e-01 2.89526451e-02
  1.06592430e-02 1.19106695e-02 1.20470058e-02 7.87408277e-03
  5.64679969e-03 3.38056800e-03 2.12579127e-03 1.50077464e-03
  1.17257307e-03 9.89603926e-04 8.79958388e-04 8.08186713e-04
  7.56982714e-04 7.18117575e-04 6.87597378e-04 6.63235202e-04]
 [3.15215558e-01 3.12163174e-01 3.12318921e-01 2.49413047e-02
  6.99260738e-03 6.56165835e-03 6.19615382e-03 4.59049875e-03
  3.35452892e-03 1.94901193e-03 1.19444530e-03 8.29774537e-04
  6.42802392e-04 5.41089452e-04 4.81979252e-04 4.44738864e-04
  4.19237942e-04 4.00601217e-04 3.86438769e-04 3.75454052e-04]
 [3.17190260e-01 3.16143185e-01 3.16426992e-01 2.35415436e-02
  5.59224328e-03 4.72584786e-03 4.36408492e-03 3.51248286e-03
  2.59963050e-03 1.49645424e-03 9.11688490e-04 6.32600975e-04
  4.90985345e-04 4.14881710e-04 3.71381728e-04 3.44545057e-04
  3.26573208e-04 3.13706434e-04 3.04104033e-04 2.96781247e-04]
 [3.20203513e-01 3.16413820e-01 3.17644924e-01 2.27366444e-02
  4.90389671e-03 3.92585341e-03 3.62137519e-03 3.06635979e-03
  2.28450634e-03 1.31090113e-03 7.97581684e-04 5.53933787e-04
  4.30878397e-04 3.65150278e-04 3.27918358e-04 3.05220368e-04
  2.90215510e-04 2.79603177e-04 2.71770899e-04 2.65859300e-04]
 [3.23005170e-01 3.15819919e-01 3.17849636e-01 2.21422445e-02
  4.52017179e-03 3.52020259e-03 3.26670078e-03 2.85764853e-03
  2.13719695e-03 1.22512784e-03 7.45404919e-04 5.18307963e-04
  4.03876038e-04 3.42960178e-04 3.08634568e-04 2.87855772e-04
  2.74227263e-04 2.64658011e-04 2.57641281e-04 2.52376427e-04]]
27804446-Q4968564	[[0.06539966 0.09795848 0.07850457 0.06683703 0.09665113 0.06518662
  0.06945267 0.05572326 0.04644297 0.04088495 0.03749482 0.03500125
  0.03326143 0.03211323 0.03131704 0.03068616 0.03011277 0.02955081
  0.02898936 0.02843183]
 [0.07160521 0.08054142 0.1144956  0.07400922 0.04936564 0.05594319
  0.08696207 0.08322436 0.07379135 0.05868932 0.04582698 0.03617507
  0.0296413  0.02543077 0.02266006 0.02072078 0.01926704 0.01811551
  0.01716774 0.01636743]
 [0.05328912 0.0468366  0.06198402 0.06444512 0.12693416 0.09324268
  0.0780189  0.09533579 0.07608318 0.05523688 0.04107342 0.03281311
  0.02802929 0.02508953 0.02311856 0.02167683 0.02053767 0.01957719
  0.01872702 0.01795085]
 [0.06467113 0.07674056 0.08895744 0.16821428 0.2123856  0.14458305
  0.07228861 0.05257241 0.03608453 0.02049993 0.01251531 0.0089439
  0.00719715 0.00620449 0.00556949 0.00512385 0.0047791  0.00448551
  0.00421786 0.00396583]
 [0.01909785 0.00957416 0.01302285 0.03684779 0.07155983 0.07202137
  0.09181818 0.16453335 0.09762013 0.07034872 0.05563965 0.0459546
  0.03928232 0.03503437 0.03242438 0.03077373 0.02966147 0.02885642
  0.02822876 0.0277001 ]
 [0.05018178 0.06576321 0.04661858 0.07107964 0.08641375 0.09397282
  0.06360558 0.03995603 0.03381641 0.02953341 0.02919761 0.03143984
  0.03476952 0.03829187 0.04158055 0.04447871 0.04696142 0.04906776
  0.05086192 0.05240966]
 [0.02290168 0.04317845 0.02527338 0.04859893 0.05489461 0.0447092
  0.02808242 0.02151005 0.02617795 0.02749215 0.03102715 0.03767378
  0.04626232 0.05539853 0.06426856 0.07244908 0.07965009 0.08569027
  0.09052691 0.09423442]
 [0.03751072 0.01965179 0.02492291 0.06374963 0.1891399  0.14269635
  0.0800072  0.12631425 0.06537043 0.04065953 0.03064231 0.02556277
  0.02242224 0.02052866 0.01946349 0.0188705  0.01850669 0.01823646
  0.01799394 0.01775019]
 [0.01357049 0.02098795 0.01496186 0.02437665 0.06797746 0.13983604
  0.08726929 0.07968599 0.07826218 0.06043666 0.04853262 0.04249132
  0.03979611 0.0389613  0.03912103 0.03971066 0.04037403 0.04092215
  0.04128179 0.04144442]
 [0.07492703 0.11129712 0.0927182  0.08247681 0.05667596 0.14309222
  0.0976857  0.05279911 0.0454662  0.03622427 0.02924656 0.02486233
  0.02229944 0.02079099 0.01983146 0.01912345 0.01850931 0.01791756
  0.01732484 0.01673139]
 [0.07687786 0.17489119 0.15742297 0.10182379 0.03868741 0.06512869
  0.09461966 0.04069552 0.03308923 0.02769463 0.02402395 0.02141789
  0.01978656 0.0188699  0.01835205 0.01799874 0.01768143 0.01734786
  0.01698661 0.01660407]
 [0.10056773 0.24834284 0.1793082  0.09939607 0.03939873 0.04088512
  0.07225306 0.02971931 0.02506976 0.02195892 0.01938315 0.01713202
  0.01551954 0.01449435 0.01382804 0.01333517 0.01291558 0.01252769
  0.01215846 0.01180626]
 [0.09016606 0.2193715  0.137644   0.06967531 0.03556721 0.03573298
  0.06828123 0.03592838 0.03601396 0.03553891 0.03327321 0.02987751
  0.02685897 0.02464122 0.02300853 0.02170495 0.02058501 0.01958583
  0.01868221 0.01786303]
 [0.07021336 0.18119363 0.09253804 0.04669563 0.03109264 0.03179724
  0.06014705 0.04174103 0.04789038 0.05142124 0.05033852 0.04584997
  0.04094529 0.03692401 0.03378047 0.03123889 0.02909871 0.02725063
  0.02563378 0.02420951]
 [0.05137452 0.13995945 0.05999717 0.0340321  0.02681827 0.02642788
  0.04914315 0.04201904 0.05305254 0.06080449 0.06266961 0.05919917
  0.05395443 0.04913486 0.04519084 0.04196834 0.03926411 0.03694175
  0.03491639 0.03313186]
 [0.04178355 0.11652648 0.04690579 0.02857609 0.02478784 0.02332185
  0.04344457 0.04129434 0.05427076 0.06399947 0.06773441 0.06537212
  0.0604324  0.05552332 0.05138427 0.04796795 0.04509124 0.04261408
  0.04044537 0.03852408]
 [0.03784921 0.1058798  0.04177692 0.02630587 0.02406019 0.02204108
  0.04125574 0.04140303 0.05518731 0.0655709  0.06995473 0.06797455
  0.06310528 0.05811509 0.0538603  0.05033646 0.04736729 0.04480957
  0.04256806 0.04057859]
 [0.0360897  0.09994093 0.03940074 0.02522766 0.02375393 0.02139787
  0.04025249 0.04188383 0.05614421 0.06672732 0.07128186 0.06935479
  0.06441413 0.05930666 0.05493769 0.05131724 0.04826871 0.04564501
  0.04334715 0.04130807]
 [0.03517875 0.09570356 0.03804934 0.02461224 0.02354058 0.02095853
  0.03960742 0.04245586 0.05708984 0.0677223  0.0722864  0.07030065
  0.06524046 0.06000412 0.05552208 0.05180938 0.0486866  0.04600266
  0.04365508 0.04157417]
 [0.03462811 0.09219833 0.03712872 0.02418824 0.02332881 0.02059012
  0.03907655 0.04302989 0.05800467 0.06863636 0.07315549 0.07107341
  0.06587835 0.06051012 0.05591626 0.05211336 0.04891871 0.04617723
  0.04378312 0.04166411]]
27804446-Q4968565	[[1.56576753e-01 1.74813628e-01 1.47466823e-01 2.01615736e-01
  1.21268772e-01 8.66268054e-02 3.91904749e-02 2.68834718e-02
  1.62472352e-02 9.85112879e-03 6.18531182e-03 3.93313868e-03
  2.54842336e-03 1.73012866e-03 1.26295013e-03 9.94454953e-04
  8.31783109e-04 7.25585734e-04 6.51223352e-04 5.96269383e-04]
 [3.70196179e-02 3.54674421e-02 1.57113492e-01 3.64979267e-01
  1.56097308e-01 8.50845128e-02 4.30952199e-02 2.94917282e-02
  2.26686466e-02 1.73257031e-02 1.31732477e-02 9.82044917e-03
  7.17512378e-03 5.25919255e-03 3.99872707e-03 3.20391823e-03
  2.69179512e-03 2.34309444e-03 2.09130021e-03 1.90022669e-03]
 [1.41609684e-01 2.12481692e-01 3.73597562e-01 8.18660110e-02
  4.00983877e-02 2.24104449e-02 1.83465052e-02 1.51662147e-02
  1.29513554e-02 1.12566203e-02 1.01438500e-02 9.22708120e-03
  8.31737742e-03 7.42148608e-03 6.68762391e-03 6.17923075e-03
  5.84847014e-03 5.62402420e-03 5.45474561e-03 5.31164650e-03]
 [3.26723009e-01 2.74030596e-01 2.39797190e-01 5.61583638e-02
  1.32903941e-02 1.03768418e-02 7.13057350e-03 5.24396496e-03
  4.75159287e-03 4.69623506e-03 4.82085580e-03 5.05826855e-03
  5.30549139e-03 5.50588453e-03 5.68291685e-03 5.86967031e-03
  6.07438851e-03 6.28871610e-03 6.49963645e-03 6.69534737e-03]
 [5.05953312e-01 3.55556279e-01 1.50662921e-02 2.81682108e-02
  2.12877057e-02 3.26094069e-02 1.08994320e-02 4.86509735e-03
  3.51041299e-03 3.07619246e-03 2.90382328e-03 2.74252333e-03
  2.51364755e-03 2.23089778e-03 1.94368046e-03 1.68731762e-03
  1.47368701e-03 1.30077801e-03 1.16175984e-03 1.04954606e-03]
 [4.53363806e-01 2.69209206e-01 2.58137501e-04 3.58964637e-04
  1.90258282e-03 4.59377933e-03 1.06018921e-02 2.02855188e-02
  2.90071461e-02 3.59721333e-02 3.89258936e-02 3.52625623e-02
  2.75136959e-02 1.99298952e-02 1.44559536e-02 1.09283961e-02
  8.67270865e-03 7.18141627e-03 6.15479052e-03 5.42154629e-03]
 [5.06813312e-03 2.34741103e-02 3.29649379e-03 8.90441705e-04
  5.13069704e-03 2.08240636e-02 7.19897971e-02 8.13945830e-02
  8.86504576e-02 1.02723993e-01 1.11772731e-01 1.07299104e-01
  9.18280035e-02 7.32178912e-02 5.70634454e-02 4.48160656e-02
  3.58801037e-02 2.93476563e-02 2.44998205e-02 2.08323784e-02]
 [6.21138560e-03 1.93600561e-02 4.89906350e-04 3.77574215e-05
  1.18656819e-04 1.13046938e-03 6.53396267e-03 9.12613422e-03
  1.19868517e-02 1.80615429e-02 2.72013899e-02 3.94135676e-02
  5.49041852e-02 7.33563974e-02 9.25618485e-02 1.09374516e-01
  1.22141011e-01 1.31002352e-01 1.36772588e-01 1.40215427e-01]
 [1.06772059e-03 5.55703184e-03 1.78573350e-03 3.70679409e-05
  9.48114175e-05 9.32829978e-04 4.50108526e-03 6.19578548e-03
  8.07073992e-03 1.23353936e-02 1.97943933e-02 3.22398022e-02
  5.19038029e-02 7.86390379e-02 1.06393643e-01 1.26928046e-01
  1.37155578e-01 1.39155209e-01 1.36251211e-01 1.30961046e-01]
 [8.20336689e-04 4.54981765e-03 8.71264434e-04 1.54470508e-05
  4.98368754e-05 4.99243848e-04 2.48389575e-03 4.39633429e-03
  5.82327228e-03 8.68123118e-03 1.40914293e-02 2.41612680e-02
  4.21877168e-02 6.97935149e-02 1.01683430e-01 1.28069416e-01
  1.43843755e-01 1.50196418e-01 1.50436178e-01 1.47346213e-01]
 [5.10186190e-04 3.16879852e-03 8.04042502e-04 1.34001839e-05
  4.53197863e-05 5.18948946e-04 2.68674316e-03 5.30912867e-03
  6.74608676e-03 9.51583032e-03 1.50001878e-02 2.54768729e-02
  4.43468243e-02 7.27683306e-02 1.04442447e-01 1.29296541e-01
  1.42981455e-01 1.47473335e-01 1.46391571e-01 1.42503917e-01]
 [5.05871198e-04 2.78887199e-03 7.47268787e-04 1.42401495e-05
  4.88342957e-05 5.19661233e-04 2.58521852e-03 5.36549883e-03
  6.74526580e-03 9.32621863e-03 1.46325678e-02 2.50723008e-02
  4.42520939e-02 7.33377859e-02 1.05544180e-01 1.30340293e-01
  1.43498942e-01 1.47361472e-01 1.45768106e-01 1.41545266e-01]
 [5.92627795e-04 3.37042892e-03 1.03398517e-03 2.07159628e-05
  6.83268299e-05 7.00685370e-04 3.15124751e-03 6.08485658e-03
  7.27985986e-03 9.77424346e-03 1.51246293e-02 2.58282963e-02
  4.55800369e-02 7.52908736e-02 1.07478298e-01 1.31278321e-01
  1.42879099e-01 1.45167679e-01 1.42260060e-01 1.37035728e-01]
 [4.13849513e-04 2.24381103e-03 7.22674478e-04 1.59703886e-05
  5.55440420e-05 5.92321565e-04 2.75309454e-03 5.45728346e-03
  6.58555375e-03 8.88017379e-03 1.38874827e-02 2.41691247e-02
  4.36618924e-02 7.37100542e-02 1.06936045e-01 1.31996334e-01
  1.44639760e-01 1.47662967e-01 1.45251513e-01 1.40364572e-01]
 [5.30684600e-04 3.00061959e-03 9.75399569e-04 2.26091070e-05
  7.38018643e-05 7.21360208e-04 3.00993724e-03 5.64940087e-03
  6.63228566e-03 8.81335232e-03 1.36937955e-02 2.38440707e-02
  4.32723574e-02 7.34181553e-02 1.06843926e-01 1.32021531e-01
  1.44647866e-01 1.47589371e-01 1.45093367e-01 1.40146121e-01]
 [3.94128234e-04 2.14594463e-03 7.46900099e-04 1.81295200e-05
  6.34008538e-05 6.58554491e-04 2.84581725e-03 5.41563053e-03
  6.40340894e-03 8.53868760e-03 1.33448783e-02 2.34426316e-02
  4.29453403e-02 7.33783841e-02 1.07172161e-01 1.32576749e-01
  1.45264626e-01 1.48198321e-01 1.45692915e-01 1.40753403e-01]
 [5.34846622e-04 3.03835445e-03 1.04142702e-03 2.63941984e-05
  8.46507319e-05 7.91872095e-04 3.06244730e-03 5.57703804e-03
  6.47603162e-03 8.54629651e-03 1.32789798e-02 2.32926905e-02
  4.27303798e-02 7.31730536e-02 1.07032396e-01 1.32460818e-01
  1.45101190e-01 1.47958413e-01 1.45386398e-01 1.40406325e-01]
 [4.17554489e-04 2.26049894e-03 8.04849260e-04 2.12134892e-05
  7.33566922e-05 7.35569396e-04 2.96412851e-03 5.49268257e-03
  6.44811755e-03 8.54770187e-03 1.33361584e-02 2.34887693e-02
  4.31970879e-02 7.39471987e-02 1.07873797e-01 1.33022919e-01
  1.45223752e-01 1.47678688e-01 1.44816041e-01 1.39649853e-01]
 [5.83107001e-04 3.31684179e-03 1.15755026e-03 3.16110636e-05
  9.83820501e-05 8.87816190e-04 3.19993054e-03 5.68531640e-03
  6.56917645e-03 8.62513855e-03 1.33681288e-02 2.34621596e-02
  4.30993177e-02 7.37931654e-02 1.07687995e-01 1.32789940e-01
  1.44910797e-01 1.47276640e-01 1.44337654e-01 1.39119357e-01]
 [4.48263454e-04 2.40357034e-03 8.64793605e-04 2.46124400e-05
  8.33915037e-05 8.16514308e-04 3.10622691e-03 5.64694684e-03
  6.61151018e-03 8.72503314e-03 1.35682886e-02 2.38614883e-02
  4.38189246e-02 7.47946352e-02 1.08630665e-01 1.33298159e-01
  1.44868433e-01 1.46776423e-01 1.43528268e-01 1.38123870e-01]]
27804446-Q4968566	[[9.15816650e-02 1.76016390e-01 2.21762419e-01 1.61949694e-01
  1.12344384e-01 1.12226851e-01 7.60800540e-02 3.46746184e-02
  8.58295523e-03 2.34229350e-03 7.37468421e-04 3.45716544e-04
  2.42347844e-04 2.01372648e-04 1.78985181e-04 1.64176818e-04
  1.53312925e-04 1.44856735e-04 1.38021322e-04 1.32351182e-04]
 [1.49444446e-01 1.63718328e-01 1.49881274e-01 2.22828835e-01
  5.69410734e-02 1.03120580e-01 1.06050648e-01 3.12101357e-02
  1.14317965e-02 2.92877108e-03 9.17440571e-04 3.67721746e-04
  2.14334999e-04 1.64702622e-04 1.44083155e-04 1.33913840e-04
  1.28497893e-04 1.25607519e-04 1.24173690e-04 1.23616468e-04]
 [8.05841386e-02 1.31488293e-01 2.40615085e-01 3.08974445e-01
  8.78101438e-02 3.32097337e-02 4.07629684e-02 4.49151397e-02
  2.45559625e-02 4.88330610e-03 9.78976605e-04 3.26100009e-04
  1.81334675e-04 1.37164636e-04 1.16786228e-04 1.04683510e-04
  9.65203071e-05 9.06045752e-05 8.60884611e-05 8.24840536e-05]
 [1.74007282e-01 1.76664472e-01 2.80610949e-01 2.91679978e-01
  3.75833288e-02 1.57289971e-02 1.22933788e-02 5.69436233e-03
  2.83884094e-03 9.02012340e-04 3.69249523e-04 2.70765304e-04
  2.27798257e-04 1.99769420e-04 1.79888943e-04 1.65957201e-04
  1.55857837e-04 1.48165651e-04 1.42017336e-04 1.36897797e-04]
 [1.01330936e-01 2.74545431e-01 2.89879799e-01 2.32771605e-01
  4.77318056e-02 1.89495441e-02 2.55799219e-02 6.69579441e-03
  1.44494942e-03 3.82065919e-04 1.49472922e-04 1.02354184e-04
  8.07639590e-05 6.83228282e-05 5.99858868e-05 5.38265631e-05
  4.89264748e-05 4.48424289e-05 4.13415219e-05 3.82872349e-05]
 [1.78470865e-01 2.82060236e-01 2.10567266e-01 2.79619604e-01
  2.90022530e-02 9.35126562e-03 5.65252453e-03 1.59244158e-03
  7.08579377e-04 4.28796076e-04 3.08183662e-04 2.91231845e-04
  2.79617350e-04 2.66866176e-04 2.55221443e-04 2.45118805e-04
  2.36211505e-04 2.28235120e-04 2.21032635e-04 2.14505621e-04]
 [1.58485085e-01 1.41568273e-01 1.66562587e-01 4.90485847e-01
  1.82703082e-02 6.24307478e-03 1.23327579e-02 3.43134115e-03
  1.71586371e-03 6.62210165e-04 1.26712446e-04 3.77826727e-05
  1.89464463e-05 1.28633692e-05 1.00530315e-05 8.51621553e-06
  7.60442117e-06 7.03691194e-06 6.67144286e-06 6.42952273e-06]
 [2.65557975e-01 8.73846114e-02 1.70965761e-01 4.13746297e-01
  9.04074311e-03 1.20561980e-02 2.56664827e-02 7.36981351e-03
  5.92427375e-03 1.52179284e-03 3.46029236e-04 1.11197784e-04
  5.98827392e-05 4.52825843e-05 3.91445501e-05 3.58487450e-05
  3.38312930e-05 3.24983957e-05 3.15666366e-05 3.08828676e-05]
 [9.96144488e-02 8.59267786e-02 1.50414646e-01 5.87607205e-01
  3.38830985e-02 8.20639636e-03 1.13358209e-02 8.57138168e-03
  7.06891296e-03 2.53151241e-03 8.62725021e-04 5.47298347e-04
  4.64368262e-04 4.49533778e-04 4.44217760e-04 4.37601557e-04
  4.28013591e-04 4.15941526e-04 4.02292120e-04 3.87871027e-04]
 [9.65425223e-02 2.87207097e-01 2.24690631e-01 3.12767178e-01
  3.97147313e-02 1.33851357e-02 1.08119603e-02 4.62482218e-03
  1.71575730e-03 7.07239844e-04 5.90231561e-04 6.83538907e-04
  7.55018555e-04 8.07710108e-04 8.35772371e-04 8.46896030e-04
  8.46242940e-04 8.37510917e-04 8.23543407e-04 8.06443219e-04]
 [8.07880312e-02 1.61951199e-01 1.85535759e-01 2.19676524e-01
  1.32879227e-01 7.25955516e-02 5.20167723e-02 2.75597852e-02
  1.08415559e-02 5.27277682e-03 4.65411600e-03 4.85219667e-03
  4.94597992e-03 5.11361705e-03 5.23459818e-03 5.29123051e-03
  5.29045844e-03 5.24637569e-03 5.17296232e-03 5.08139329e-03]
 [7.01000392e-02 1.49764419e-01 1.91540003e-01 1.57478154e-01
  1.86315998e-01 1.03565432e-01 7.67415389e-02 3.60271782e-02
  1.22038824e-02 4.44187550e-03 2.25568027e-03 1.41683256e-03
  1.14017318e-03 1.07020827e-03 1.04516069e-03 1.02610292e-03
  1.00474467e-03 9.80483135e-04 9.54396208e-04 9.27620567e-04]
 [7.15265796e-02 1.93700463e-01 2.16240868e-01 1.64811760e-01
  1.52276084e-01 8.11302289e-02 6.68821856e-02 3.07893809e-02
  1.15669388e-02 4.16806014e-03 1.70004065e-03 8.53148696e-04
  6.28933194e-04 5.75741928e-04 5.57951571e-04 5.45754796e-04
  5.33005630e-04 5.19039633e-04 5.04344411e-04 4.89482773e-04]
 [6.68697581e-02 1.99954078e-01 2.15418845e-01 1.56329557e-01
  1.46340370e-01 8.19837376e-02 7.25207031e-02 3.39229628e-02
  1.38287982e-02 5.27347485e-03 2.07905588e-03 9.44961444e-04
  6.63070823e-04 5.98498969e-04 5.78396895e-04 5.65822818e-04
  5.53156366e-04 5.39404922e-04 5.24974486e-04 5.10396960e-04]
 [6.21248819e-02 1.97758496e-01 2.16489553e-01 1.43554136e-01
  1.45246789e-01 8.65136907e-02 8.02244991e-02 3.81452441e-02
  1.63227729e-02 6.25468837e-03 2.29781121e-03 9.36695549e-04
  6.21739659e-04 5.49069082e-04 5.25719719e-04 5.12022758e-04
  4.99589019e-04 4.86958364e-04 4.74183762e-04 4.61548247e-04]
 [5.84567524e-02 1.89992055e-01 2.27147967e-01 1.33687630e-01
  1.38988256e-01 9.05696154e-02 8.82281736e-02 4.19199169e-02
  1.87669285e-02 6.70064613e-03 2.06717546e-03 7.17971183e-04
  4.41066775e-04 3.75026488e-04 3.51412891e-04 3.37742502e-04
  3.26872250e-04 3.17107624e-04 3.08039191e-04 2.99563893e-04]
 [5.58028445e-02 1.75822929e-01 2.47104973e-01 1.27735242e-01
  1.23569191e-01 9.48759392e-02 9.82284248e-02 4.55514789e-02
  2.13613249e-02 6.54701795e-03 1.56423775e-03 4.46649006e-04
  2.47505639e-04 1.98006877e-04 1.78286849e-04 1.66819707e-04
  1.58588620e-04 1.52059642e-04 1.46616730e-04 1.41945915e-04]
 [5.32530658e-02 1.50974557e-01 2.69166261e-01 1.25477254e-01
  1.04319319e-01 1.02194123e-01 1.12381555e-01 5.03667556e-02
  2.42609084e-02 5.74385049e-03 1.01754616e-03 2.41074231e-04
  1.20630895e-04 9.03179534e-05 7.77085879e-05 7.04985214e-05
  6.56616103e-05 6.21379368e-05 5.94374833e-05 5.72914432e-05]
 [5.01936711e-02 1.22412294e-01 2.81780213e-01 1.23705335e-01
  8.77464712e-02 1.13312833e-01 1.31032020e-01 5.73542640e-02
  2.70347279e-02 4.44196723e-03 5.93018427e-04 1.23523365e-04
  5.78788313e-05 4.14516071e-05 3.45949011e-05 3.07747941e-05
  2.83329591e-05 2.66557272e-05 2.54498718e-05 2.45529864e-05]
 [4.71363664e-02 1.01029456e-01 2.81839371e-01 1.20312661e-01
  7.48458058e-02 1.24414831e-01 1.50922313e-01 6.58846274e-02
  2.96510160e-02 3.37855029e-03 3.65491462e-04 7.13782501e-05
  3.26060617e-05 2.29422803e-05 1.89156617e-05 1.67066137e-05
  1.53316996e-05 1.44202259e-05 1.37930101e-05 1.33509720e-05]]
27804446-Q12033817	[[1.79044381e-01 1.86071068e-01 2.51231581e-01 1.99741542e-01
  9.71048027e-02 3.98547240e-02 1.95001252e-02 1.15318978e-02
  5.61063737e-03 2.56691687e-03 1.43402524e-03 1.02957163e-03
  8.63765017e-04 7.68121739e-04 7.01205397e-04 6.51361421e-04
  6.13139884e-04 5.83102577e-04 5.58936154e-04 5.39076573e-04]
 [2.11162552e-01 1.92089498e-01 1.73713997e-01 1.88718617e-01
  9.49489027e-02 3.71021628e-02 1.84068177e-02 1.11976089e-02
  1.01546803e-02 8.78236443e-03 7.25951931e-03 6.46551093e-03
  5.91643993e-03 5.47553645e-03 5.15535660e-03 4.93145827e-03
  4.77360422e-03 4.65957588e-03 4.57501411e-03 4.51073982e-03]
 [2.42343083e-01 1.47460043e-01 1.55938879e-01 1.60427198e-01
  1.42281070e-01 6.73987344e-02 2.26099249e-02 9.00245458e-03
  5.23021631e-03 4.11205413e-03 3.88907338e-03 4.04876750e-03
  4.24751360e-03 4.34846245e-03 4.38861176e-03 4.40828642e-03
  4.42634383e-03 4.44909744e-03 4.47786180e-03 4.51238034e-03]
 [2.46115714e-01 2.01606348e-01 2.10352018e-01 1.94309697e-01
  1.03496671e-01 3.14616896e-02 8.49452056e-03 2.56333244e-03
  7.24634971e-04 2.22093004e-04 9.97049065e-05 7.08560692e-05
  6.44578104e-05 6.24829918e-05 6.13067896e-05 6.03410044e-05
  5.95114252e-05 5.87972863e-05 5.81795393e-05 5.76432794e-05]
 [3.50189805e-01 1.72657952e-01 2.17603326e-01 1.23092867e-01
  1.02559283e-01 2.49167737e-02 4.78317542e-03 1.22802635e-03
  6.53452764e-04 3.99839657e-04 2.46546202e-04 1.91402738e-04
  1.77953101e-04 1.75580237e-04 1.76579968e-04 1.79346840e-04
  1.83444849e-04 1.88616104e-04 1.94661348e-04 2.01432878e-04]
 [1.48820922e-01 1.30161747e-01 3.29531878e-01 1.33903146e-01
  1.76604822e-01 5.66350222e-02 1.37154441e-02 4.76769870e-03
  2.13451334e-03 8.91740317e-04 4.37073439e-04 3.10239499e-04
  2.76625535e-04 2.64845759e-04 2.59092078e-04 2.56163476e-04
  2.55230960e-04 2.55837775e-04 2.57630745e-04 2.60331959e-04]
 [1.80351287e-01 1.73322290e-01 2.77143836e-01 1.34171739e-01
  1.05338015e-01 6.75170720e-02 3.73363644e-02 1.69026740e-02
  4.53015510e-03 1.08920748e-03 4.06137580e-04 2.59848719e-04
  2.23901501e-04 2.11807652e-04 2.05614400e-04 2.01636038e-04
  1.98994981e-04 1.97307847e-04 1.96312918e-04 1.95819841e-04]
 [3.00704360e-01 1.84216022e-01 2.56113052e-01 1.00084141e-01
  8.62644464e-02 3.63396779e-02 1.69295147e-02 6.48855790e-03
  3.67638981e-03 2.05071433e-03 1.17594225e-03 8.72621080e-04
  7.71127001e-04 7.16326816e-04 6.73418574e-04 6.37205143e-04
  6.06693735e-04 5.80930384e-04 5.58947620e-04 5.39923203e-04]
 [1.48983583e-01 2.15916410e-01 2.80056596e-01 1.46880671e-01
  7.89548084e-02 6.15080781e-02 4.01915908e-02 1.69106815e-02
  4.32865648e-03 1.32766482e-03 6.56153599e-04 5.00257825e-04
  4.73917898e-04 4.73501132e-04 4.75329463e-04 4.75785666e-04
  4.74965811e-04 4.73199587e-04 4.70672850e-04 4.67506237e-04]
 [1.59347355e-01 2.42708445e-01 2.74326831e-01 1.77852780e-01
  6.53633177e-02 3.28926072e-02 1.44406166e-02 7.29178078e-03
  3.51259671e-03 2.23377114e-03 1.83084689e-03 1.81387167e-03
  1.92547776e-03 2.01455993e-03 2.06108321e-03 2.08036997e-03
  2.08520470e-03 2.08207383e-03 2.07397039e-03 2.06240942e-03]
 [1.59438163e-01 2.29802266e-01 2.55809456e-01 1.90742373e-01
  7.14213401e-02 3.83097529e-02 1.77750345e-02 8.86341929e-03
  3.96157242e-03 2.42416421e-03 1.98862585e-03 1.97249278e-03
  2.08573928e-03 2.17200490e-03 2.21238774e-03 2.22407142e-03
  2.22081901e-03 2.20950530e-03 2.19324650e-03 2.17359653e-03]
 [1.57212317e-01 2.31390417e-01 2.49297723e-01 1.96740046e-01
  6.97727576e-02 3.71204801e-02 1.76947303e-02 9.19842906e-03
  4.23145201e-03 2.69180560e-03 2.28421134e-03 2.28800066e-03
  2.41429522e-03 2.50532036e-03 2.54479283e-03 2.55284109e-03
  2.54480983e-03 2.52820947e-03 2.50640558e-03 2.48105056e-03]
 [1.55569315e-01 2.32174426e-01 2.43386596e-01 2.01548174e-01
  6.79214746e-02 3.52075621e-02 1.70622431e-02 9.35834274e-03
  4.58068307e-03 3.11375293e-03 2.77356431e-03 2.81620468e-03
  2.96615413e-03 3.06676375e-03 3.10704159e-03 3.11174314e-03
  3.09849274e-03 3.07573099e-03 3.04716849e-03 3.01461900e-03]
 [1.53788954e-01 2.30116740e-01 2.41377398e-01 2.05151752e-01
  6.73242286e-02 3.35565060e-02 1.63179934e-02 9.30161495e-03
  4.79294034e-03 3.45889386e-03 3.22152185e-03 3.30118905e-03
  3.45917931e-03 3.55667504e-03 3.59123060e-03 3.59013677e-03
  3.57127306e-03 3.54292383e-03 3.50864744e-03 3.47016728e-03]
 [1.52317256e-01 2.26515830e-01 2.43428200e-01 2.08901882e-01
  6.77558407e-02 3.20422538e-02 1.53876981e-02 8.92220251e-03
  4.73852130e-03 3.55999172e-03 3.42213362e-03 3.51506728e-03
  3.64975189e-03 3.72373010e-03 3.74385226e-03 3.73502215e-03
  3.71185411e-03 3.68073513e-03 3.64432950e-03 3.60395224e-03]
 [1.51429936e-01 2.24326879e-01 2.50201553e-01 2.14497417e-01
  6.82753101e-02 3.01808268e-02 1.40488623e-02 8.08050949e-03
  4.30330355e-03 3.19818291e-03 3.04776197e-03 3.10229184e-03
  3.17690987e-03 3.20946495e-03 3.21047101e-03 3.19582620e-03
  3.17332055e-03 3.14591196e-03 3.11476481e-03 3.08051775e-03]
 [1.50513574e-01 2.23358795e-01 2.63266623e-01 2.21534669e-01
  6.85664862e-02 2.78045870e-02 1.21733919e-02 6.71150116e-03
  3.45643307e-03 2.34221853e-03 2.07079574e-03 2.05346430e-03
  2.06171931e-03 2.05751811e-03 2.04595877e-03 2.03168835e-03
  2.01579486e-03 1.99821917e-03 1.97883160e-03 1.95765658e-03]
 [1.49132952e-01 2.19174936e-01 2.85338163e-01 2.25516379e-01
  6.95450604e-02 2.49976628e-02 9.47165024e-03 4.64755623e-03
  2.18452862e-03 1.25574472e-03 9.74443741e-04 9.21026513e-04
  8.97229707e-04 8.79641273e-04 8.66619172e-04 8.56601575e-04
  8.47919146e-04 8.39495973e-04 8.30786070e-04 8.21555615e-04]
 [1.45197928e-01 2.08417952e-01 3.17136139e-01 2.22665876e-01
  7.27053508e-02 2.20363420e-02 6.05686102e-03 2.26808037e-03
  8.85778456e-04 4.13203787e-04 2.74892722e-04 2.43428731e-04
  2.28513672e-04 2.19662019e-04 2.14446729e-04 2.11242776e-04
  2.08974263e-04 2.07047153e-04 2.05159347e-04 2.03175092e-04]
 [1.35928258e-01 1.94965839e-01 3.50048840e-01 2.15364620e-01
  7.78156519e-02 1.98621079e-02 3.72967403e-03 1.06904749e-03
  3.58854566e-04 1.46838021e-04 8.93832257e-05 7.64262586e-05
  7.09206215e-05 6.83174148e-05 6.73264731e-05 6.71619782e-05
  6.73421382e-05 6.76022973e-05 6.78088545e-05 6.78993820e-05]]
27804446-Q12033819	[[5.67785949e-02 5.07279448e-02 6.22312352e-02 2.31005196e-02
  5.20134866e-02 7.34341070e-02 2.29572058e-02 1.86807085e-02
  6.60548657e-02 4.31500934e-02 7.55183473e-02 6.22039214e-02
  3.35467607e-02 6.06580786e-02 4.73465584e-02 4.97152694e-02
  3.18721868e-02 6.42913654e-02 5.82109988e-02 4.75077182e-02]
 [7.13597387e-02 5.92004620e-02 4.15047482e-02 5.10819517e-02
  2.00860258e-02 1.22107947e-02 1.65348575e-02 5.43213673e-02
  3.26969437e-02 7.38360509e-02 1.09327659e-01 3.33644524e-02
  2.64386423e-02 7.30727836e-02 4.70682681e-02 4.43500802e-02
  4.15608361e-02 7.64892399e-02 5.62629290e-02 5.92321120e-02]
 [2.46215006e-03 1.21616870e-02 1.60543770e-01 4.87443209e-02
  1.37651106e-02 2.89116073e-02 7.22804010e-01 1.02463104e-02
  2.53045495e-04 7.18437150e-05 1.23032787e-05 6.03654280e-06
  6.95679046e-06 1.30020101e-06 2.77324625e-06 1.52622454e-06
  3.87964064e-06 8.76445014e-08 1.04317576e-06 2.46467039e-07]
 [6.88570144e-04 3.34439334e-03 7.01004267e-02 4.85993028e-02
  5.80796925e-03 6.52569253e-03 8.41493607e-01 2.30314787e-02
  1.80844989e-04 1.86777717e-04 1.20503373e-05 5.78157233e-06
  8.54474820e-06 1.33777496e-06 3.40913107e-06 1.16408160e-06
  7.79858601e-06 4.57788083e-08 6.60503929e-07 1.04810617e-07]
 [1.24293193e-03 6.43009087e-03 1.55863449e-01 9.23574492e-02
  1.72898974e-02 1.70414671e-02 6.83017731e-01 2.57417057e-02
  7.04990060e-04 2.13949344e-04 3.93450209e-05 1.67980015e-05
  1.51371651e-05 2.31988565e-06 5.18185971e-06 2.64647315e-06
  1.33242011e-05 6.49579590e-08 1.29329840e-06 2.25330908e-07]
 [1.53884862e-03 8.11944436e-03 2.05305994e-01 1.24690697e-01
  2.30309982e-02 1.80748291e-02 5.80145478e-01 3.81482206e-02
  7.18210475e-04 1.50615815e-04 4.03514787e-05 1.19939414e-05
  7.70923816e-06 2.17934848e-06 3.39706480e-06 1.70537464e-06
  8.17798718e-06 4.28740528e-08 9.14817917e-07 1.71943455e-07]
 [2.30274466e-03 1.22401258e-02 2.89993644e-01 1.39916316e-01
  3.09104417e-02 2.37463992e-02 4.67159986e-01 3.26783173e-02
  8.36290186e-04 1.23655685e-04 4.99608905e-05 1.46029124e-05
  7.85974589e-06 2.51392544e-06 3.58940861e-06 2.11422571e-06
  9.85046245e-06 5.02046902e-08 1.22768529e-06 2.32112683e-07]
 [2.75353156e-03 1.40508944e-02 3.12164128e-01 1.47123069e-01
  3.38552892e-02 2.50892043e-02 4.27510083e-01 3.63011211e-02
  9.20433609e-04 1.26300336e-04 5.94044031e-05 1.60420568e-05
  8.16988631e-06 3.13737814e-06 3.92997026e-06 2.43643012e-06
  1.10508081e-05 6.11816091e-08 1.45999900e-06 2.98294424e-07]
 [2.98559759e-03 1.52438162e-02 3.36458296e-01 1.41658604e-01
  3.55707295e-02 2.74589472e-02 4.06676054e-01 3.26761715e-02
  1.00718241e-03 1.37682771e-04 6.96157804e-05 1.94613840e-05
  1.01113001e-05 3.74895694e-06 4.57734404e-06 3.03093520e-06
  1.39213771e-05 7.81625431e-08 1.85744955e-06 3.87114454e-07]
 [3.12644290e-03 1.57076605e-02 3.43459398e-01 1.42674848e-01
  3.59024443e-02 2.75474861e-02 3.97312105e-01 3.29322331e-02
  1.04809797e-03 1.49179003e-04 7.64305369e-05 2.12589566e-05
  1.13116166e-05 4.29577676e-06 5.06050401e-06 3.41258738e-06
  1.57532413e-05 9.20087544e-08 2.08559936e-06 4.54621699e-07]
 [3.16692633e-03 1.59286745e-02 3.50869745e-01 1.40330508e-01
  3.59000303e-02 2.78314892e-02 3.92875105e-01 3.16987596e-02
  1.08235085e-03 1.60924072e-04 8.30000281e-05 2.35817770e-05
  1.30391390e-05 4.84613611e-06 5.69281519e-06 3.90595960e-06
  1.84492965e-05 1.08960926e-07 2.42812598e-06 5.37107667e-07]
 [3.22565041e-03 1.61296669e-02 3.54126692e-01 1.40619561e-01
  3.58777829e-02 2.77077463e-02 3.89134288e-01 3.17388661e-02
  1.10501272e-03 1.68718630e-04 8.71242446e-05 2.50691555e-05
  1.41911814e-05 5.30795705e-06 6.20121773e-06 4.28147041e-06
  2.04345997e-05 1.23738133e-07 2.68169674e-06 6.07453615e-07]
 [3.26859811e-03 1.63782947e-02 3.60048026e-01 1.39980420e-01
  3.58603597e-02 2.77614538e-02 3.84112209e-01 3.11252996e-02
  1.11601769e-03 1.73917564e-04 9.01256790e-05 2.64848004e-05
  1.53771871e-05 5.69384247e-06 6.68543089e-06 4.65707262e-06
  2.25363419e-05 1.38921436e-07 2.96359917e-06 6.79374580e-07]
 [3.32638109e-03 1.66451298e-02 3.64239186e-01 1.40624985e-01
  3.59582677e-02 2.77453996e-02 3.78834814e-01 3.11315041e-02
  1.13195146e-03 1.78530143e-04 9.27833389e-05 2.77299987e-05
  1.64024877e-05 6.09774952e-06 7.17865805e-06 5.02098328e-06
  2.44923231e-05 1.54795714e-07 3.24061853e-06 7.54274879e-07]
 [3.39585496e-03 1.70114413e-02 3.70273262e-01 1.40601918e-01
  3.59835736e-02 2.77734585e-02 3.72637868e-01 3.08121275e-02
  1.13861170e-03 1.81230702e-04 9.44564090e-05 2.87990624e-05
  1.73395820e-05 6.41664974e-06 7.60124112e-06 5.35131448e-06
  2.63204583e-05 1.70157222e-07 3.50980577e-06 8.25111215e-07]
 [3.46360891e-03 1.73466466e-02 3.74821842e-01 1.41092852e-01
  3.61145101e-02 2.78243404e-02 3.66965145e-01 3.08308415e-02
  1.15566817e-03 1.85263023e-04 9.68116874e-05 3.00628526e-05
  1.83973243e-05 6.81806841e-06 8.12286726e-06 5.74063370e-06
  2.84287817e-05 1.88358484e-07 3.82984899e-06 9.10064614e-07]
 [3.54899326e-03 1.77697707e-02 3.80271345e-01 1.41090214e-01
  3.61568145e-02 2.78641004e-02 3.61055881e-01 3.06834728e-02
  1.16542703e-03 1.87864513e-04 9.83063801e-05 3.11211043e-05
  1.93203068e-05 7.13943246e-06 8.56053157e-06 6.08072105e-06
  3.03002398e-05 2.05565726e-07 4.12329473e-06 9.87932140e-07]
 [3.62890493e-03 1.81580707e-02 3.84509593e-01 1.41397297e-01
  3.63081098e-02 2.79547833e-02 3.55715841e-01 3.07357535e-02
  1.18469878e-03 1.91895379e-04 1.00595622e-04 3.24454086e-05
  2.04371627e-05 7.55211522e-06 9.11633288e-06 6.49690173e-06
  3.25762740e-05 2.26278729e-07 4.48465153e-06 1.08348627e-06]
 [3.72547656e-03 1.86142214e-02 3.89248103e-01 1.41321793e-01
  3.63695472e-02 2.80128755e-02 3.50423694e-01 3.06699350e-02
  1.19740458e-03 1.94806562e-04 1.02084829e-04 3.35542245e-05
  2.14075717e-05 7.88573834e-06 9.58173041e-06 6.85375198e-06
  3.45658045e-05 2.45572693e-07 4.80750487e-06 1.16949218e-06]
 [3.81558505e-03 1.90352779e-02 3.92865092e-01 1.41500875e-01
  3.65404896e-02 2.81277299e-02 3.45703483e-01 3.07619926e-02
  1.21896109e-03 1.99095652e-04 1.04382649e-04 3.49440088e-05
  2.25987351e-05 8.31502894e-06 1.01731366e-05 7.29297471e-06
  3.70126290e-05 2.68730304e-07 5.20686262e-06 1.27521560e-06]]
