27804446-Q4968563	[[2.28099152e-03 1.48787005e-02 8.87013972e-03 4.25788462e-02
  7.60939380e-04 5.56408986e-02 1.55921117e-03 1.58976376e-01
  2.28876527e-02 7.98702165e-02 3.10835242e-03 2.89060343e-02
  1.37425624e-02 2.41148868e-03 1.66418497e-03 1.14820199e-02
  4.29705195e-02 4.99060124e-01 6.70245849e-03 1.02908671e-04
  1.03763181e-04 2.43956983e-05 4.34328394e-05 3.05232279e-05
  4.84024495e-05 2.67312353e-05 4.53262364e-05 5.42009839e-05
  6.86616113e-05 7.92170686e-05 2.44669973e-05 3.41232226e-05
  2.57720076e-05 4.80176241e-05 3.11559525e-05 5.44680006e-05
  4.38904462e-05 7.90505073e-05 6.18381600e-05 3.46867746e-05
  3.43076499e-05 3.32727359e-05 8.26568721e-05 7.19508535e-05
  1.04006307e-04 5.48781318e-05 3.01584732e-05 5.47822310e-05
  4.20508914e-05 7.52349661e-05]
 [1.05531569e-06 2.39197580e-05 5.50232608e-06 9.68425069e-04
  9.91355591e-07 6.89701847e-05 1.19994540e-04 2.91797060e-05
  2.36117048e-05 1.91031516e-01 1.97125738e-03 1.03028062e-04
  4.89662460e-04 3.81861925e-02 4.11645815e-05 1.07425869e-04
  7.66412556e-01 3.90388333e-04 2.65514757e-07 3.81486075e-07
  3.37470624e-07 7.63029220e-07 9.98143264e-07 1.10215399e-06
  2.61491095e-07 2.90012338e-07 3.22907340e-07 3.46552554e-07
  1.37741006e-06 6.31695741e-07 4.46655321e-07 4.66510528e-07
  4.85536646e-07 4.97810277e-07 9.25757092e-07 1.05882589e-06
  1.59532647e-06 7.15508804e-07 5.82901805e-07 9.42267491e-07
  4.77418610e-07 7.29072156e-07 1.45266665e-06 1.62057290e-06
  7.83962776e-07 1.14984891e-06 4.01277532e-07 4.77718800e-07
  1.53473582e-06 1.78672860e-06]
 [1.44686013e-07 3.66556901e-06 1.29728978e-05 3.21353264e-06
  2.49742993e-06 9.17418492e-06 2.47109110e-05 1.46394314e-05
  1.65375895e-04 2.69879034e-04 2.26393081e-02 1.15643334e-05
  8.28053802e-03 7.31170401e-02 6.82481856e-04 7.34446570e-04
  8.45943391e-01 2.90118270e-02 5.98104198e-05 1.71561993e-03
  1.43060053e-03 1.89633074e-03 1.04454823e-03 1.16902834e-03
  3.90350993e-04 5.35060419e-04 2.22953327e-04 2.24639633e-04
  8.21170339e-04 3.97522119e-04 2.00937662e-04 2.28317789e-04
  4.59510746e-04 1.98326787e-04 6.93596667e-04 3.82065657e-04
  8.23876995e-04 1.57022761e-04 1.50858046e-04 2.96649319e-04
  1.52514971e-04 5.28472592e-04 5.34476771e-04 1.39817595e-03
  2.16343498e-04 5.21480571e-04 4.34742862e-04 2.58636806e-04
  4.87736863e-04 1.04174484e-03]
 [3.50659690e-07 1.57723538e-04 1.35725350e-06 4.70980849e-05
  2.86489321e-05 1.98451322e-04 2.27210821e-05 2.44856812e-04
  1.03957311e-04 3.96729540e-03 1.16733288e-04 4.51459317e-03
  1.60598847e-05 7.56700277e-01 1.41398585e-03 2.95237955e-02
  1.87057778e-01 9.79569182e-03 1.23531325e-03 5.98247221e-04
  3.84846673e-04 9.13877739e-04 9.06387650e-05 3.90925736e-04
  8.89132934e-05 3.28267488e-05 1.87954902e-05 2.13431176e-05
  9.25707791e-05 4.27100786e-05 3.34193028e-05 5.05855169e-05
  3.56305827e-05 1.78855389e-05 1.68717655e-04 4.88637343e-05
  1.87235797e-04 3.17924496e-05 4.05313294e-05 6.15567260e-05
  4.18144664e-05 1.66320198e-04 4.91349092e-05 2.73141370e-04
  5.03709161e-05 1.80784715e-04 1.42016652e-04 6.63102765e-05
  3.70298279e-04 1.61148040e-04]
 [3.68164933e-07 8.26565974e-06 1.09261036e-05 3.16284240e-05
  2.40365698e-05 1.13435287e-03 2.19251106e-05 2.94305646e-05
  1.91363113e-04 9.93086584e-03 1.43060373e-04 1.58601208e-03
  2.34553460e-02 1.73258752e-01 2.26745987e-03 7.46944628e-04
  7.71502018e-01 1.19966362e-02 1.90622790e-03 4.44931764e-04
  2.44464842e-04 6.34472235e-04 8.86996277e-05 1.39899872e-04
  1.71968950e-05 1.14075565e-05 5.25439918e-06 3.74196202e-06
  1.73805183e-05 2.11003703e-06 3.78561595e-06 4.67653854e-06
  4.30691443e-06 2.38283155e-06 1.62730921e-05 8.49894150e-06
  1.61199605e-05 9.01183512e-07 6.95403742e-07 6.51819755e-06
  2.68223903e-06 1.10566261e-05 7.42552356e-06 1.82243384e-05
  1.07739004e-06 7.88889338e-06 4.04902858e-06 2.84051634e-06
  1.41193777e-05 1.12959651e-05]
 [3.39337959e-07 2.05764227e-04 3.15361031e-05 1.84105249e-06
  4.73520640e-06 1.09423790e-03 3.74538184e-04 1.64981884e-05
  2.46682996e-03 7.31111912e-04 1.83325872e-04 5.88876233e-02
  1.06549170e-03 4.37990427e-01 1.01415049e-02 9.20633897e-02
  3.76156002e-01 1.19097196e-02 3.91764846e-03 4.29366541e-04
  6.30778028e-04 6.07024413e-04 1.97314585e-04 1.46836537e-04
  3.96909018e-05 2.43272061e-05 1.47753472e-05 1.49192192e-05
  5.19721798e-05 3.15510551e-05 5.80351116e-06 1.04689298e-05
  1.39795357e-05 8.37568678e-06 1.96001383e-05 3.75908166e-05
  4.38866300e-05 1.92717307e-05 1.49711132e-05 8.94002733e-06
  6.60781143e-06 2.33244027e-05 2.58530181e-05 4.35653310e-05
  2.72157031e-05 2.92578934e-05 4.02059413e-05 2.13654348e-05
  7.04281556e-05 9.82581332e-05]
 [2.32570210e-06 1.36220106e-03 4.02913475e-03 3.41945597e-05
  4.22660378e-04 1.61855284e-03 7.05402391e-03 4.33457689e-03
  5.62190227e-02 9.08135786e-04 1.99040491e-02 4.15909896e-03
  1.18782252e-01 7.62211859e-01 7.06860749e-03 7.27321079e-04
  2.08529364e-03 7.52396276e-03 4.27283871e-04 5.08397061e-05
  1.75173249e-04 8.33050653e-05 7.68048412e-05 6.51966038e-05
  2.85114220e-05 1.55741018e-05 1.89253678e-05 1.77315978e-05
  2.52385089e-05 1.96386409e-05 1.06350381e-05 1.57103896e-05
  1.64093108e-05 1.85113440e-05 1.83741049e-05 3.29065442e-05
  2.80430377e-05 2.24058440e-05 1.73749286e-05 1.44632368e-05
  1.61088919e-05 1.86525813e-05 2.71414683e-05 1.96549790e-05
  2.50792382e-05 2.15138352e-05 4.58305694e-05 4.20552933e-05
  6.95829513e-05 6.79886289e-05]
 [1.02117816e-08 6.58913123e-05 6.06197364e-06 8.70808071e-06
  4.11250812e-06 4.46679987e-05 1.17479751e-04 3.05677298e-04
  3.32864351e-04 6.24593534e-03 4.72307420e-06 4.04347898e-03
  3.71410884e-02 9.06311572e-01 8.34935717e-03 2.95609643e-05
  2.23617088e-02 1.32477880e-02 4.63581382e-04 3.65174928e-04
  1.62975746e-04 2.29851925e-04 3.78785226e-05 3.45626395e-05
  3.63601362e-06 3.51185895e-06 3.05875733e-06 2.89891614e-06
  8.16987358e-06 3.07742789e-06 2.96957865e-06 2.29355737e-06
  1.87009834e-06 1.77112577e-06 1.17689951e-05 4.42415694e-06
  4.58786462e-06 9.87304929e-07 1.60490038e-06 2.68688746e-06
  1.47893502e-06 1.09821406e-06 1.53130009e-06 2.24799919e-06
  7.85280463e-07 2.68812278e-06 2.95673499e-06 2.87766807e-06
  4.63790093e-06 5.53804466e-06]
 [6.11741768e-08 2.10701910e-05 4.06619953e-03 5.99050372e-06
  1.70872117e-05 9.91871348e-04 1.89241866e-04 2.20394204e-03
  1.47933662e-01 9.30681941e-04 6.08542410e-04 4.75418102e-03
  1.98210627e-01 6.13592625e-01 2.31136871e-03 1.92282046e-03
  7.89947535e-06 2.13386267e-02 2.06157696e-04 7.39454481e-05
  5.84925947e-05 1.69352439e-04 3.72400209e-05 4.99605630e-05
  4.75786101e-06 8.87697024e-06 4.91294350e-06 4.86815088e-06
  3.78102741e-05 1.53909987e-05 1.40727184e-06 3.04107289e-06
  7.59365048e-06 3.69037502e-06 2.05923698e-05 2.64890532e-05
  2.78539283e-05 8.15953354e-06 6.54112409e-06 5.32050353e-06
  2.52568611e-06 5.22246410e-06 7.54935036e-06 8.09433641e-06
  4.34305684e-06 7.49525316e-06 1.27383937e-05 6.85384339e-06
  2.53131821e-05 3.09294956e-05]
 [1.84023276e-03 7.03691365e-03 6.70226812e-02 2.04593103e-04
  8.20881105e-04 2.37339828e-03 2.48785410e-03 4.79978742e-04
  2.95824528e-01 1.47071830e-03 3.13357310e-03 3.21840798e-03
  4.16669756e-01 9.47701838e-03 1.23378297e-03 1.21283896e-01
  2.41279777e-04 5.25541827e-02 5.19866496e-03 1.80278250e-04
  1.06373045e-04 3.49342532e-04 3.47805733e-04 3.34374025e-04
  9.39782331e-05 9.68421155e-05 7.44655918e-05 6.21228100e-05
  2.73689249e-04 2.64086033e-04 1.54951442e-04 9.76358278e-05
  1.37837560e-04 8.58909334e-05 4.92053980e-04 6.72235445e-04
  3.73425166e-04 4.62161290e-04 3.86080967e-04 2.00323397e-04
  8.33802405e-05 1.01727179e-04 3.50995891e-04 1.85517347e-04
  3.40289029e-04 2.05656106e-04 2.19979993e-04 8.47278716e-05
  2.68885720e-04 3.40525236e-04]
 [1.68636784e-01 7.98937976e-02 5.23595698e-02 7.61164527e-04
  4.01346944e-04 1.07194399e-04 1.69668137e-03 2.46871798e-03
  3.58182974e-02 7.36098329e-04 1.43925659e-03 4.09323350e-03
  8.62470940e-02 3.04723042e-03 8.37698695e-04 4.78704065e-01
  3.17942147e-04 4.62415405e-02 3.17707881e-02 1.78604256e-04
  6.80447629e-05 1.09874556e-04 1.66952377e-04 9.23401312e-05
  6.12334770e-05 5.14610838e-05 3.71334318e-05 3.15915895e-05
  1.14121554e-04 2.88662966e-04 1.22449506e-04 8.02717186e-05
  8.90199517e-05 5.30743855e-05 1.47479484e-04 2.54799437e-04
  1.34009999e-04 3.73584364e-04 5.94524259e-04 1.84153439e-04
  8.56183906e-05 6.35770557e-05 2.09022532e-04 8.54977116e-05
  2.71827943e-04 1.14862720e-04 7.94188163e-05 3.30260264e-05
  8.95917765e-05 1.55710863e-04]
 [5.07901907e-01 1.31279686e-02 4.28655259e-02 4.19062009e-04
  4.42885590e-04 1.25309176e-04 1.21100317e-03 5.43388305e-04
  3.14124152e-02 5.45124756e-04 2.02867342e-03 7.04802282e-04
  4.53145616e-02 3.62257793e-04 4.51692060e-04 2.77272254e-01
  4.78645234e-04 6.61150888e-02 6.45462796e-03 6.20392166e-05
  2.57298616e-05 3.87463660e-05 5.69244185e-05 3.70484195e-05
  2.96629114e-05 1.88080394e-05 1.35601713e-05 1.25072593e-05
  3.93225419e-05 1.42979334e-04 6.67536515e-05 4.22399899e-05
  3.71063434e-05 2.22181916e-05 6.94520131e-05 1.08703258e-04
  6.21053478e-05 2.21479146e-04 3.53084062e-04 8.62846937e-05
  4.57582064e-05 4.39961696e-05 1.17480318e-04 5.41098198e-05
  1.90095641e-04 7.05570346e-05 3.39170329e-05 1.41854280e-05
  3.53213181e-05 7.06658539e-05]
 [6.12583101e-01 7.05012260e-03 3.66151743e-02 3.78201163e-04
  6.31419767e-04 1.13544556e-04 1.68784708e-03 4.56597219e-04
  3.46183665e-02 6.90638961e-04 3.94920865e-03 2.80227978e-04
  3.42115499e-02 1.98827562e-04 2.87484669e-04 1.50683358e-01
  9.39360645e-04 1.08857244e-01 2.30423082e-03 8.19314082e-05
  4.19081261e-05 6.48003406e-05 9.03992259e-05 6.57198761e-05
  6.17751575e-05 3.43299762e-05 2.45498322e-05 2.41561593e-05
  5.63915091e-05 2.53621343e-04 1.28364773e-04 7.52214910e-05
  5.89294032e-05 3.56950732e-05 1.05629268e-04 1.38835254e-04
  8.99145598e-05 3.55372875e-04 5.67429699e-04 1.11508438e-04
  6.72765818e-05 7.12216715e-05 1.45413898e-04 8.14030427e-05
  3.10276257e-04 1.06591418e-04 5.35564504e-05 2.31021677e-05
  4.52616659e-05 9.28830341e-05]
 [8.93382609e-01 2.44268170e-03 7.38999061e-03 2.97624938e-04
  1.15275274e-04 2.53038615e-05 4.35756461e-04 3.21260275e-04
  6.65339269e-03 3.29542294e-04 1.80630584e-03 3.72765098e-05
  9.12404526e-03 3.61767634e-05 4.16953844e-05 2.71491874e-02
  3.41450679e-04 4.51953486e-02 3.97008145e-04 4.28026251e-05
  3.05095382e-05 4.92831387e-05 7.35715003e-05 6.33266245e-05
  8.78861974e-05 4.96201501e-05 3.35761106e-05 3.51187700e-05
  5.90633354e-05 3.77430115e-04 2.23994197e-04 1.18609314e-04
  9.06700297e-05 5.26625881e-05 1.37866606e-04 1.42732839e-04
  1.10151923e-04 4.88663034e-04 8.68183968e-04 1.26570245e-04
  8.47583287e-05 9.48521629e-05 1.31640962e-04 9.88477841e-05
  4.07618470e-04 1.35968337e-04 7.90969279e-05 3.33292155e-05
  5.02068251e-05 9.95379669e-05]
 [9.86810863e-01 3.10696982e-04 3.40183411e-04 8.43166126e-05
  6.67951281e-06 1.86762418e-06 4.43955178e-05 4.76442910e-05
  2.70758639e-04 4.94236810e-05 6.09819021e-04 1.61971809e-06
  7.70713668e-04 3.87195541e-06 2.35162202e-06 2.69781356e-03
  4.16175244e-05 6.56628050e-03 2.42615624e-05 6.00703652e-06
  5.15510237e-06 9.51239690e-06 1.23511254e-05 1.39308349e-05
  2.77447780e-05 1.68041643e-05 9.97258667e-06 1.09926123e-05
  1.24994576e-05 1.28008745e-04 9.01224339e-05 4.05206119e-05
  3.14382924e-05 1.62274337e-05 3.98223856e-05 2.81744396e-05
  2.97721035e-05 1.41076947e-04 3.07177135e-04 3.31875999e-05
  2.25997082e-05 2.78151165e-05 2.15286909e-05 2.51165238e-05
  1.05347935e-04 3.65065353e-05 2.52579321e-05 9.51320453e-06
  1.14721497e-05 1.91207146e-05]
 [9.98034060e-01 2.63529710e-05 1.80490060e-05 2.34983745e-05
  5.19226433e-07 1.79474071e-07 4.87103580e-06 4.29962483e-06
  1.22446618e-05 6.44857073e-06 2.40813883e-04 7.95719046e-08
  5.27286938e-05 4.59740704e-07 2.33731228e-07 3.32415046e-04
  5.28480223e-06 9.72345762e-04 1.99924443e-06 9.91462457e-07
  8.15812996e-07 1.94514223e-06 1.78778396e-06 2.60816796e-06
  6.27471536e-06 4.04970797e-06 2.04696926e-06 2.33617243e-06
  1.78763560e-06 2.94789043e-05 2.24917385e-05 8.59163902e-06
  6.83822736e-06 3.06063430e-06 7.38296512e-06 3.42284761e-06
  5.31432306e-06 2.58610344e-05 6.98303265e-05 6.06745198e-06
  4.03884314e-06 5.55347833e-06 2.25297890e-06 4.19478056e-06
  1.72392411e-05 6.30966360e-06 5.08454059e-06 1.66314783e-06
  1.67792734e-06 2.18976811e-06]
 [9.99359429e-01 4.29204829e-06 4.73452747e-06 1.00777133e-05
  1.21382612e-07 6.79926515e-08 1.27857174e-06 8.37807647e-07
  2.43341697e-06 1.86980174e-06 1.30543674e-04 1.25493882e-08
  1.26138648e-05 9.85678597e-08 6.32687502e-08 8.30958088e-05
  1.47007700e-06 2.97056395e-04 3.26219123e-07 2.69050048e-07
  2.17736940e-07 6.98725273e-07 4.76016396e-07 8.52162543e-07
  2.14710803e-06 1.42413160e-06 6.53457221e-07 7.76099625e-07
  4.45761543e-07 1.03970997e-05 8.48565469e-06 2.97202564e-06
  2.38011830e-06 9.74589625e-07 2.25929080e-06 7.86033240e-07
  1.67332450e-06 8.32448040e-06 2.59126209e-05 1.99498868e-06
  1.32237119e-06 1.94607833e-06 4.84857196e-07 1.27156159e-06
  5.17495255e-06 1.95034795e-06 1.76312039e-06 5.29725128e-07
  4.69813301e-07 5.02191710e-07]
 [9.99663949e-01 1.59308865e-06 3.05546951e-06 6.74225339e-06
  5.30309379e-08 4.78728346e-08 6.46404089e-07 3.49433577e-07
  1.18399475e-06 9.78470780e-07 8.17100226e-05 4.88224128e-09
  7.00968394e-06 3.91300894e-08 3.17801572e-08 3.55925476e-05
  6.99697750e-07 1.46970633e-04 1.18840042e-07 1.29015760e-07
  1.03018586e-07 4.01080968e-07 2.33449214e-07 4.62759175e-07
  1.16045669e-06 7.79754544e-07 3.36226179e-07 4.07008713e-07
  2.03000099e-07 5.77027185e-06 4.75697743e-06 1.62646438e-06
  1.32030016e-06 5.09604320e-07 1.13835756e-06 3.47164587e-07
  8.85546569e-07 4.46475406e-06 1.49681600e-05 1.09536916e-06
  7.24650363e-07 1.09922439e-06 2.10839630e-07 6.63448020e-07
  2.68182157e-06 1.02236925e-06 9.91175057e-07 2.82195685e-07
  2.35145365e-07 2.27957855e-07]
 [9.99772131e-01 9.46890964e-07 2.63197671e-06 5.58985221e-06
  3.22817115e-08 4.12222860e-08 4.56568415e-07 2.17206008e-07
  8.41262306e-07 6.94567518e-07 5.92909309e-05 3.03139314e-09
  5.43790793e-06 2.34123405e-08 2.17720615e-08 2.15727705e-05
  4.58333886e-07 9.43181440e-05 6.98412990e-08 8.76181616e-08
  6.85824801e-08 2.96384400e-07 1.61451041e-07 3.33418313e-07
  8.26241205e-07 5.61474110e-07 2.29810738e-07 2.78522691e-07
  1.32415977e-07 4.19279422e-06 3.34961669e-06 1.15262276e-06
  9.58368901e-07 3.51691085e-07 7.70691031e-07 2.23842406e-07
  6.24328266e-07 3.16035744e-06 1.10164547e-05 7.95129608e-07
  5.22822120e-07 8.01873512e-07 1.36702994e-07 4.66256779e-07
  1.86497550e-06 7.14715327e-07 7.22820289e-07 1.96832772e-07
  1.60949739e-07 1.51454444e-07]
 [9.99820292e-01 7.03061573e-07 2.43160616e-06 5.04370291e-06
  2.41977798e-08 3.84503203e-08 3.69627344e-07 1.63434365e-07
  6.98277859e-07 5.78377239e-07 4.82562427e-05 2.38152120e-09
  4.66830761e-06 1.73185910e-08 1.76401400e-08 1.61192220e-05
  3.65087345e-07 7.08260268e-05 5.24800292e-08 7.19428357e-08
  5.51884831e-08 2.51391526e-07 1.33855849e-07 2.79946448e-07
  6.93517450e-07 4.73895852e-07 1.86034441e-07 2.23847209e-07
  1.05451129e-07 3.55673842e-06 2.70319038e-06 9.50992728e-07
  8.08924938e-07 2.85087850e-07 6.13842587e-07 1.76453483e-07
  5.13803570e-07 2.60966067e-06 9.29193811e-06 6.71324869e-07
  4.40216098e-07 6.74003786e-07 1.09249335e-07 3.83508024e-07
  1.52248049e-06 5.83754115e-07 6.06333003e-07 1.59688312e-07
  1.30091138e-07 1.22431416e-07]]
27804446-Q4968564	[[2.54801917e-03 8.85915197e-03 3.27410456e-03 8.05975217e-03
  1.71890284e-03 1.12370178e-02 2.30464409e-03 1.77228842e-02
  1.21810092e-02 2.20545512e-02 2.55125924e-03 8.46236665e-03
  2.31194403e-02 1.36504311e-03 3.97197949e-03 1.38021279e-02
  2.13459767e-02 7.90938973e-01 3.42418104e-02 1.56969775e-03
  1.28587231e-03 4.93478379e-04 5.15806081e-04 2.72759818e-04
  2.88954092e-04 1.44290272e-04 2.11820094e-04 2.42078764e-04
  3.04726418e-04 3.41621577e-04 1.14806338e-04 1.62029697e-04
  1.20203491e-04 2.05772332e-04 1.47819272e-04 2.55805149e-04
  1.95069530e-04 3.33358359e-04 2.50407116e-04 1.55097892e-04
  1.60469455e-04 1.71109888e-04 3.99949553e-04 3.14752106e-04
  4.37792798e-04 2.49737932e-04 1.31807625e-04 2.25271549e-04
  1.92583175e-04 3.45996115e-04]
 [2.93743494e-03 4.67117950e-02 7.29365507e-03 8.74563179e-04
  5.88677358e-03 5.40882675e-03 2.05950551e-02 2.28587091e-02
  5.44203036e-02 1.80141758e-02 1.49077061e-03 3.30192745e-02
  1.55310724e-02 2.81643402e-02 9.43140965e-03 1.19254813e-02
  1.25672460e-01 3.59626204e-01 1.16605990e-01 7.80621544e-03
  5.81866223e-03 7.09683541e-03 2.54431833e-03 3.68691329e-03
  7.24990200e-03 1.90206140e-03 4.23335098e-03 5.80883492e-03
  4.52521723e-03 4.24317271e-03 3.39679513e-03 5.43605117e-03
  1.62432645e-03 3.16280220e-03 1.39268709e-03 1.73135521e-03
  3.02758510e-03 4.81023081e-03 3.91480792e-03 1.82541308e-03
  2.85984273e-03 2.61252397e-03 1.30100735e-03 2.07352312e-03
  4.83409362e-03 3.04011186e-03 1.70633476e-03 3.36821284e-03
  4.75697219e-03 1.74152816e-03]
 [1.87894970e-03 4.00719680e-02 6.21950775e-02 2.27630674e-03
  1.31231397e-02 1.50354588e-02 1.27604157e-02 1.26112536e-01
  9.21941102e-02 4.82604187e-03 1.29502594e-01 3.09690610e-02
  5.44020068e-03 2.89596885e-01 8.45703483e-03 1.92949711e-03
  1.98246539e-02 9.18220170e-03 2.07136245e-03 7.22728949e-03
  8.02455284e-03 3.28954798e-03 5.57197910e-03 4.65168292e-03
  5.74891036e-03 2.68871221e-03 4.03894763e-03 4.75007715e-03
  2.42815609e-03 4.00573574e-03 2.28262343e-03 3.37870396e-03
  2.53831968e-03 3.38154356e-03 1.01351971e-03 1.95975625e-03
  2.82152672e-03 6.81802444e-03 5.06957574e-03 2.57667620e-03
  4.12971014e-03 2.53500813e-03 2.27182172e-03 2.58257939e-03
  8.28058831e-03 3.46297445e-03 7.52527546e-03 8.08415469e-03
  5.45644946e-03 3.95811256e-03]
 [4.10270786e-06 1.93708693e-03 5.27544506e-02 2.96866328e-05
  3.75130563e-03 6.34597149e-03 2.15136353e-03 7.57998899e-02
  5.23874640e-01 3.34493874e-04 1.72830408e-03 2.16353178e-01
  8.78531300e-03 1.27360709e-02 3.31641524e-04 3.99211720e-02
  1.44422202e-05 3.04502249e-02 2.10372340e-02 9.18332662e-04
  2.65625364e-04 1.10720583e-04 2.93057055e-05 3.55198135e-05
  3.92892216e-05 1.03675684e-05 2.11511488e-05 2.73814130e-05
  1.61388652e-05 1.80322131e-05 7.67924485e-06 8.42026566e-06
  3.93889604e-06 7.80391747e-06 7.06677110e-06 2.29601096e-06
  7.49528408e-06 9.99476470e-06 1.81702453e-05 1.06315820e-05
  9.32022431e-06 4.66977235e-06 2.44941134e-06 5.32069271e-06
  8.73794033e-06 1.01978540e-05 1.03674201e-05 1.72268683e-05
  1.20177729e-05 3.72217278e-06]
 [4.54343062e-05 1.42923009e-03 3.63344536e-03 2.16582231e-02
  5.72967017e-03 1.31385936e-03 1.68234240e-02 1.05220720e-03
  5.53477323e-04 3.90758105e-02 2.87542527e-04 1.66169694e-03
  2.40829657e-03 8.77697408e-01 1.10014858e-04 6.60535973e-03
  1.03119404e-04 8.88412160e-06 1.54916579e-05 9.04938497e-05
  6.75279822e-04 4.44294885e-04 1.73740322e-04 7.14762893e-04
  7.49769504e-04 2.94568919e-04 1.06009981e-03 1.41624745e-03
  6.24194159e-04 2.03305375e-04 5.57687657e-04 7.86348770e-04
  2.52581260e-04 8.94755358e-04 9.34750889e-04 5.07131277e-04
  6.37989317e-04 3.92970251e-04 2.81908870e-04 5.06862649e-04
  9.07337060e-04 4.56332171e-04 2.05420947e-04 3.24168912e-04
  2.67698284e-04 6.80106983e-04 7.11278000e-04 2.55056936e-03
  1.03190693e-03 4.52855020e-04]
 [5.48110729e-05 8.42587149e-04 3.73077653e-02 2.56161002e-04
  3.52645703e-02 4.26460877e-02 5.78596629e-03 1.16504747e-02
  2.12348759e-01 2.97642243e-03 2.14273289e-01 5.87788187e-02
  2.90746540e-01 2.73688277e-03 6.09631708e-04 6.19518291e-03
  6.56754186e-04 3.98606621e-03 2.44165212e-03 2.38462802e-04
  1.92100427e-03 2.37467000e-03 1.69027504e-03 2.75985245e-03
  1.37311034e-03 9.78973345e-04 3.74185480e-03 5.09659341e-03
  5.62606333e-03 1.08914590e-03 1.06150983e-03 1.48611842e-03
  8.47512856e-04 3.40033206e-03 3.54568777e-03 4.28757118e-03
  2.96886428e-03 1.26993097e-03 5.58772008e-04 1.23964436e-03
  1.28535461e-03 1.82619609e-03 2.77966051e-03 1.64676318e-03
  9.01128456e-04 1.78376562e-03 9.89304855e-04 4.46405867e-03
  3.52919800e-03 3.68023803e-03]
 [1.24500925e-03 8.80246400e-04 1.98330190e-02 3.86078726e-03
  3.57566238e-03 4.43038978e-02 4.94136009e-03 2.22747594e-01
  1.55499429e-01 1.09201923e-01 4.12779441e-03 7.69563168e-02
  2.86227226e-01 7.57868076e-03 6.47133915e-04 2.24907789e-03
  1.69951600e-04 3.17462813e-03 2.27493263e-04 6.42489249e-05
  1.63089682e-03 2.76420149e-03 2.83223786e-03 2.89380155e-03
  4.72308922e-04 5.54176338e-04 1.86974229e-03 2.70297332e-03
  4.78980504e-03 5.49534685e-04 3.63925821e-04 5.00706956e-04
  4.85788245e-04 1.70952221e-03 3.30274086e-03 4.62773349e-03
  2.94572441e-03 8.29592987e-04 3.46211425e-04 6.55509939e-04
  3.90859408e-04 8.42280395e-04 2.23709387e-03 1.30968390e-03
  6.07122725e-04 1.16406637e-03 5.51738660e-04 2.16017826e-03
  3.33000370e-03 3.06842336e-03]
 [9.08544986e-04 2.42278198e-04 1.84617049e-04 1.80695311e-03
  4.06431471e-04 6.03784807e-04 9.10115021e-04 1.31230350e-04
  5.71669125e-06 5.98604202e-01 2.16727667e-02 6.02441723e-05
  6.35402743e-04 1.47528604e-01 5.28231030e-05 4.75626497e-04
  2.00909436e-01 1.07421540e-03 1.53691951e-06 4.11150768e-06
  5.21295842e-05 2.49046279e-04 4.19551216e-04 5.31682919e-04
  7.61513511e-05 2.42135458e-04 4.74395492e-04 6.16578909e-04
  2.32239300e-03 2.81757471e-04 1.23580845e-04 2.24807212e-04
  4.56542213e-04 7.93694227e-04 1.44562172e-03 2.18215445e-03
  1.96148059e-03 3.73584044e-04 1.59762538e-04 2.81458546e-04
  2.61876907e-04 5.79509826e-04 1.31063187e-03 1.23562582e-03
  3.47047840e-04 6.96005649e-04 3.80936515e-04 8.16017913e-04
  2.08986085e-03 2.79538962e-03]
 [2.05205317e-04 8.67730193e-03 2.61127506e-03 2.94401863e-04
  9.19634476e-03 3.37207206e-02 7.23636185e-04 1.02304667e-01
  3.70022561e-03 6.41930208e-04 4.71999049e-01 3.30376923e-02
  3.47235386e-04 3.15545909e-02 3.42984189e-04 5.25591429e-04
  1.51889162e-06 3.70011257e-04 2.16821463e-05 7.22828145e-06
  2.63039808e-04 1.21427584e-03 7.80243613e-03 7.49496883e-03
  2.98648165e-03 6.84503932e-03 6.69311872e-03 7.20123108e-03
  1.76340025e-02 3.55432741e-03 1.10007904e-03 2.65872828e-03
  5.81857981e-03 6.07062364e-03 1.09740179e-02 3.21987160e-02
  1.33353686e-02 4.90090391e-03 1.58239249e-03 1.48503087e-03
  2.28753290e-03 5.62550081e-03 2.01325454e-02 1.10816471e-02
  6.03722408e-03 5.98325441e-03 1.34898154e-02 1.59540512e-02
  1.63641255e-02 6.09476455e-02]
 [1.18032587e-03 2.51757819e-03 5.65764029e-04 3.42655003e-05
  4.39979415e-03 2.43423646e-03 1.05735890e-04 9.62480553e-04
  9.50464309e-05 8.72564760e-06 7.35400757e-03 4.64663462e-04
  1.53917019e-04 4.65776911e-03 1.17393094e-03 6.53789937e-03
  3.77176737e-04 8.65410194e-02 1.17544852e-01 5.22970222e-03
  3.03947087e-02 2.76314225e-02 7.20608085e-02 4.25341167e-02
  2.39932630e-02 1.50059881e-02 1.31305065e-02 1.22879054e-02
  3.78359146e-02 1.96281970e-02 1.45185813e-02 1.67854410e-02
  1.74930897e-02 1.42111341e-02 2.48493999e-02 5.88715710e-02
  2.40551159e-02 3.13605107e-02 1.53460316e-02 8.18260293e-03
  9.41681582e-03 1.14011625e-02 5.03713042e-02 2.24485453e-02
  3.40497196e-02 1.51046114e-02 1.69696584e-02 1.11233089e-02
  2.26532705e-02 4.39464375e-02]
 [5.27073350e-03 1.72827914e-02 4.78044094e-04 4.53141438e-05
  2.62041250e-03 1.58432245e-04 4.91700666e-05 1.24548248e-03
  4.11929032e-05 6.41888073e-06 1.85585814e-03 1.69657680e-04
  6.31948351e-05 1.38671708e-03 2.91818404e-04 4.06109449e-03
  1.03919854e-04 3.45095769e-02 7.35655129e-01 8.59264471e-03
  1.09787416e-02 6.15395978e-03 1.48642994e-02 7.00122444e-03
  9.28102061e-03 5.23182144e-03 4.17056726e-03 3.84400855e-03
  8.34531896e-03 8.73826630e-03 6.83375727e-03 7.18883006e-03
  5.71373152e-03 4.45412984e-03 5.20742033e-03 8.68296158e-03
  4.79934085e-03 8.74841399e-03 7.98027962e-03 2.97130342e-03
  3.62992589e-03 3.21153039e-03 8.60979315e-03 4.35273070e-03
  7.95554277e-03 3.39635881e-03 2.45211087e-03 1.76288001e-03
  3.51580139e-03 6.03637053e-03]
 [1.04289331e-01 1.67069763e-01 3.20058037e-03 6.46415690e-04
  1.42459562e-02 4.49369225e-04 2.90884578e-04 5.36939222e-03
  1.91905390e-04 3.37341444e-05 2.96220072e-02 4.70199826e-04
  1.62018099e-04 2.87122489e-03 4.99429589e-04 7.90964440e-03
  3.54178046e-04 1.29417807e-01 3.60958397e-01 6.83910865e-03
  4.06707218e-03 2.93059926e-03 7.68898241e-03 5.02585061e-03
  8.30904301e-03 5.81392879e-03 3.48624191e-03 3.29347188e-03
  5.37885120e-03 9.62297712e-03 9.42661334e-03 7.97832571e-03
  7.42328539e-03 4.39689308e-03 5.64013096e-03 5.76520571e-03
  5.04217809e-03 8.31475109e-03 1.07152397e-02 3.97249637e-03
  3.97054944e-03 4.40467382e-03 5.70884906e-03 4.79568401e-03
  7.08390726e-03 3.56889889e-03 2.78689805e-03 1.52005535e-03
  3.09314602e-03 3.88389104e-03]
 [6.72927737e-01 1.16983704e-01 1.56186568e-03 1.44290703e-03
  5.81327686e-03 1.41859418e-04 1.14170121e-04 1.82983489e-03
  8.02479335e-05 3.19439314e-05 7.64442459e-02 1.01278849e-04
  5.88670628e-05 7.96102278e-04 2.24050091e-04 2.87539279e-03
  2.52767320e-04 6.65205866e-02 1.30439373e-02 5.31748112e-04
  3.34130833e-04 3.50768212e-04 8.53129197e-04 9.31630377e-04
  1.91188406e-03 1.48080324e-03 7.48123974e-04 7.63445219e-04
  8.35886458e-04 2.36358633e-03 3.01647675e-03 2.05158349e-03
  2.05352996e-03 1.02448021e-03 1.50632078e-03 9.33611125e-04
  1.35830278e-03 2.01359065e-03 3.15724243e-03 1.07570400e-03
  9.49776324e-04 1.36601797e-03 8.18833360e-04 1.26133754e-03
  1.59034855e-03 9.35579475e-04 8.49960023e-04 3.80999933e-04
  6.78947428e-04 6.27454079e-04]
 [8.78447235e-01 2.87227072e-02 2.31261947e-04 7.91157945e-04
  7.44449906e-04 2.27707278e-05 2.61715559e-05 2.57113483e-04
  1.24453254e-05 7.77076912e-06 7.56714046e-02 1.54651389e-05
  1.06790940e-05 1.86636549e-04 9.17591169e-05 9.19027021e-04
  6.79624864e-05 1.03108343e-02 3.68761801e-04 4.21653203e-05
  1.89334696e-05 2.60369725e-05 4.39612195e-05 6.75725241e-05
  1.64658588e-04 1.26128856e-04 5.90203163e-05 6.50012807e-05
  4.10243447e-05 1.96923036e-04 2.99466745e-04 1.72112195e-04
  1.67444363e-04 7.80154442e-05 1.07101965e-04 4.19003918e-05
  1.05088533e-04 1.60364711e-04 3.06025235e-04 8.99415245e-05
  7.83264622e-05 1.32230940e-04 3.36922567e-05 9.45036300e-05
  1.18321790e-04 7.43381388e-05 7.89298792e-05 3.27833150e-05
  4.34136491e-05 2.90084190e-05]
 [9.18674290e-01 1.41003216e-02 1.43558311e-04 8.20503978e-04
  3.04888934e-04 1.74081943e-05 2.14806551e-05 1.52599736e-04
  8.49476237e-06 5.40576730e-06 6.04467392e-02 7.73005013e-06
  1.10600040e-05 8.34839739e-05 9.74014401e-05 5.94124314e-04
  3.30815456e-05 3.59279849e-03 3.88115513e-05 1.06355201e-05
  4.31930903e-06 8.28884640e-06 1.00517400e-05 1.86164634e-05
  4.35361544e-05 3.21334046e-05 1.42722129e-05 1.65902293e-05
  7.06251558e-06 5.14248932e-05 9.14258635e-05 4.84068478e-05
  4.54422479e-05 2.00898412e-05 2.52139562e-05 7.31888667e-06
  2.73479673e-05 4.41686025e-05 9.72165799e-05 2.57443080e-05
  2.30838923e-05 4.13365160e-05 5.86124906e-06 2.46878899e-05
  3.16861006e-05 2.03117943e-05 2.45183237e-05 9.66207426e-06
  9.94692891e-06 5.57484418e-06]
 [9.43423867e-01 9.96108726e-03 1.24621642e-04 8.88165436e-04
  1.94112057e-04 1.88907088e-05 2.10808848e-05 1.25510342e-04
  8.14125178e-06 4.82131099e-06 4.22320552e-02 5.79649168e-06
  1.39814138e-05 5.25026808e-05 1.01980128e-04 4.86758974e-04
  2.01528292e-05 1.81658752e-03 1.34434213e-05 6.09194194e-06
  2.20932202e-06 5.04432728e-06 5.39094708e-06 1.06785346e-05
  2.42895549e-05 1.78982627e-05 7.37485743e-06 8.60694036e-06
  3.16153410e-06 2.90365442e-05 5.33137609e-05 2.77437503e-05
  2.64214395e-05 1.08428712e-05 1.34478059e-05 3.42263797e-06
  1.52344401e-05 2.53468788e-05 6.03168482e-05 1.53525034e-05
  1.40105640e-05 2.54783554e-05 2.83884719e-06 1.41134369e-05
  1.81597952e-05 1.17068112e-05 1.53241399e-05 5.62360356e-06
  5.10459631e-06 2.83786176e-06]
 [9.55748916e-01 8.16466101e-03 1.15075716e-04 9.26351000e-04
  1.52101449e-04 2.15811742e-05 2.08918718e-05 1.07712687e-04
  8.37224434e-06 4.69464385e-06 3.24444622e-02 5.13813575e-06
  1.63510122e-05 4.08388150e-05 1.05450774e-04 4.67691658e-04
  1.61261996e-05 1.23099820e-03 8.44722399e-06 4.99920907e-06
  1.65711867e-06 4.06585559e-06 4.20397100e-06 8.49682419e-06
  1.96332112e-05 1.45738932e-05 5.61677052e-06 6.45178716e-06
  2.27733904e-06 2.38039465e-05 4.21201512e-05 2.23666466e-05
  2.18936584e-05 8.41279052e-06 1.04169221e-05 2.53503231e-06
  1.20737277e-05 2.04422722e-05 5.07199984e-05 1.27915573e-05
  1.18469097e-05 2.14819320e-05 2.19344224e-06 1.14452687e-05
  1.46940838e-05 9.45172178e-06 1.29862437e-05 4.48907304e-06
  3.84455871e-06 2.23154143e-06]
 [9.62652087e-01 7.15773553e-03 1.10061352e-04 9.60002071e-04
  1.31523222e-04 2.42844235e-05 2.09148875e-05 9.45349748e-05
  8.97264090e-06 4.81774669e-06 2.68319640e-02 4.97104293e-06
  1.82090898e-05 3.51895687e-05 1.09517830e-04 4.75848821e-04
  1.50245141e-05 9.73743561e-04 6.75134652e-06 4.69469478e-06
  1.45227523e-06 3.68443375e-06 3.80588813e-06 7.69242433e-06
  1.84068049e-05 1.37257384e-05 5.02110470e-06 5.64305401e-06
  1.98516659e-06 2.24938685e-05 3.73338080e-05 2.06061304e-05
  2.06826189e-05 7.55126257e-06 9.22385243e-06 2.23470715e-06
  1.09341199e-05 1.87787446e-05 4.77142094e-05 1.20622008e-05
  1.13538881e-05 2.03349118e-05 2.01233274e-06 1.05256549e-05
  1.35200034e-05 8.64049980e-06 1.22374031e-05 4.04999082e-06
  3.37005213e-06 2.05464448e-06]
 [9.67133582e-01 6.47013448e-03 1.07233580e-04 9.99082346e-04
  1.18990087e-04 2.66757052e-05 2.11444421e-05 8.43813468e-05
  9.82254369e-06 5.09501388e-06 2.31498126e-02 5.03619731e-06
  1.98347043e-05 3.17222875e-05 1.14930794e-04 4.91281855e-04
  1.51408958e-05 8.36939900e-04 5.98393581e-06 4.64258983e-06
  1.35918526e-06 3.51977769e-06 3.66776067e-06 7.34631340e-06
  1.83073516e-05 1.36713561e-05 4.79674100e-06 5.26802341e-06
  1.87020453e-06 2.24414598e-05 3.46311244e-05 2.00136365e-05
  2.05221950e-05 7.19233276e-06 8.58150452e-06 2.10728240e-06
  1.04343671e-05 1.81488977e-05 4.68351354e-05 1.19295091e-05
  1.14143295e-05 2.01033545e-05 1.96763608e-06 1.01430951e-05
  1.30606477e-05 8.28248540e-06 1.19780507e-05 3.83660199e-06
  3.14604040e-06 2.00517229e-06]
 [9.70399320e-01 5.93993580e-03 1.05362051e-04 1.04273227e-03
  1.10037734e-04 2.87782150e-05 2.15138207e-05 7.62659183e-05
  1.08415725e-05 5.46964384e-06 2.04478204e-02 5.22763912e-06
  2.13639760e-05 2.91811866e-05 1.21654048e-04 5.08081284e-04
  1.59135579e-05 7.54264009e-04 5.58337206e-06 4.69166480e-06
  1.31125933e-06 3.45011176e-06 3.63418462e-06 7.18540650e-06
  1.86670568e-05 1.39350950e-05 4.71969406e-06 5.06707738e-06
  1.82272356e-06 2.28912122e-05 3.28036913e-05 1.98861817e-05
  2.07762823e-05 7.03369233e-06 8.15223211e-06 2.04424055e-06
  1.01880078e-05 1.79239796e-05 4.68058352e-05 1.20437508e-05
  1.17034560e-05 2.02363826e-05 1.97316604e-06 9.96806557e-06
  1.28768361e-05 8.10348502e-06 1.19075703e-05 3.71487522e-06
  3.02408307e-06 2.00281920e-06]]
27804446-Q4968565	[[1.79593079e-03 3.47484872e-02 8.60829744e-03 4.21099775e-02
  6.85378211e-04 2.84312870e-02 1.88064808e-03 2.25912943e-01
  2.03976147e-02 4.47295420e-02 1.78221741e-03 1.17326938e-02
  8.77622608e-03 1.54946523e-03 1.45701016e-03 7.47066364e-03
  4.20534723e-02 5.05773485e-01 8.05163290e-03 1.38743839e-04
  1.32033849e-04 3.17817030e-05 5.90881718e-05 3.95701318e-05
  5.93631303e-05 3.37255588e-05 5.89371193e-05 7.10194363e-05
  8.60912478e-05 9.74549548e-05 3.01812397e-05 4.13759517e-05
  3.14750650e-05 6.05718960e-05 3.80031961e-05 6.64259424e-05
  5.34373867e-05 9.64031933e-05 7.48094390e-05 4.18521013e-05
  4.15558861e-05 4.03290396e-05 1.00979887e-04 8.74216494e-05
  1.27133608e-04 6.65283223e-05 3.62668470e-05 6.81172387e-05
  5.14245003e-05 9.10721137e-05]
 [5.65978044e-05 2.79782945e-03 6.18945435e-03 2.61298846e-04
  5.81315951e-03 5.92210982e-03 2.30357493e-03 4.66813929e-02
  2.07776129e-01 1.17610423e-02 9.86378640e-03 4.59970646e-02
  4.05175865e-01 9.91706774e-02 1.86670665e-02 1.76079094e-03
  1.00698680e-01 2.46678721e-02 1.63263117e-04 3.38924874e-04
  1.88021091e-04 2.99336418e-04 2.04510754e-04 2.15353444e-04
  5.10574464e-05 3.76165735e-05 7.59060858e-05 1.07579377e-04
  3.24467081e-04 8.25963652e-05 7.72422209e-05 7.13803820e-05
  4.46695085e-05 8.56246843e-05 1.66380123e-04 1.47025188e-04
  1.78882299e-04 7.70916522e-05 5.62241294e-05 8.17474502e-05
  4.25385842e-05 6.92000103e-05 1.57617571e-04 1.94863023e-04
  9.69918910e-05 1.64980738e-04 5.18777124e-05 1.17030162e-04
  2.49050878e-04 2.16523767e-04]
 [2.98396685e-06 5.01844952e-05 2.49594450e-02 2.25034128e-05
  1.53356159e-04 2.38797511e-03 8.90452575e-05 6.74095863e-05
  3.13649997e-02 1.92974752e-04 1.17601699e-03 1.49935862e-04
  2.02653736e-01 7.72497430e-03 9.53675061e-03 2.18983348e-02
  9.53349401e-04 1.42317479e-02 5.34853578e-01 3.39636728e-02
  3.16642895e-02 9.65984724e-03 1.10883396e-02 5.87241352e-03
  2.88099051e-03 2.11895118e-03 2.87913810e-03 3.30350525e-03
  1.05055887e-02 1.37317472e-03 8.14649742e-04 1.30263669e-03
  1.31806917e-03 1.64327433e-03 1.62743602e-03 3.64055717e-03
  2.73077190e-03 8.10427358e-04 3.14179721e-04 5.53551770e-04
  3.36219353e-04 8.44741997e-04 2.31530191e-03 2.69373017e-03
  7.72100000e-04 1.42959808e-03 8.91862554e-04 1.32497947e-03
  2.69764289e-03 4.15912410e-03]
 [1.30037552e-05 5.91258227e-04 1.30805420e-02 7.97295885e-04
  5.34830522e-03 7.18235923e-03 2.45494302e-02 2.18907674e-03
  1.64460480e-01 6.07422553e-03 6.26861751e-02 1.69678673e-03
  1.07420482e-01 2.90241182e-01 4.78144102e-02 7.33308047e-02
  5.23904944e-03 4.40652370e-02 9.99264121e-02 2.87114410e-03
  5.76783158e-03 1.95634039e-03 3.36647080e-03 2.24090694e-03
  1.02318404e-03 6.99951604e-04 1.16772973e-03 1.22899120e-03
  1.74732844e-03 3.72852432e-04 6.50418224e-04 8.02356109e-04
  7.34240108e-04 1.36541424e-03 1.20127865e-03 2.03962484e-03
  1.21716445e-03 4.51121829e-04 2.24125004e-04 3.72071343e-04
  2.92468991e-04 4.26864543e-04 1.09244231e-03 8.48098134e-04
  4.05971659e-04 6.71836024e-04 1.02909433e-03 1.96943083e-03
  2.34644674e-03 2.71027093e-03]
 [8.71605277e-09 2.56607345e-05 3.72543764e-05 1.17708316e-06
  4.28238272e-04 1.22720347e-04 4.68731247e-04 1.98308006e-03
  1.50848674e-02 8.22424845e-05 1.44812502e-05 6.80648314e-04
  1.76077290e-03 7.81706767e-04 4.51611762e-04 2.52886838e-03
  1.66864498e-04 9.01072681e-01 4.80336770e-02 6.13242341e-03
  6.62423298e-03 3.95266665e-03 8.35548679e-04 1.66856137e-03
  4.76905407e-04 2.43047267e-04 5.25388285e-04 5.91172313e-04
  6.58867008e-04 6.71519520e-05 2.14008483e-04 2.30816921e-04
  8.88970171e-05 2.04613418e-04 1.00521580e-03 3.10509582e-04
  2.73966260e-04 3.81621066e-05 3.24155735e-05 1.07300439e-04
  9.81246121e-05 9.04789049e-05 9.33614283e-05 1.49226282e-04
  3.49293950e-05 2.07312798e-04 1.69568535e-04 4.02385107e-04
  5.02604526e-04 2.44925235e-04]
 [1.76847177e-08 2.24717354e-04 1.59658398e-03 8.11304606e-04
  1.12865306e-03 6.99631055e-04 4.38063312e-03 2.69880425e-03
  4.13922768e-04 1.00111738e-02 4.72182361e-03 2.29479174e-05
  7.34624395e-04 9.51137662e-01 2.75856528e-05 1.25055849e-05
  5.19920359e-05 1.56993757e-03 1.50277338e-04 7.10710697e-03
  3.87506792e-03 3.24480818e-03 1.92304887e-03 1.06475281e-03
  1.47175335e-04 1.65153164e-04 9.51264446e-05 6.63927567e-05
  2.32208011e-04 5.42822745e-05 1.02283730e-05 2.30520382e-05
  3.94407944e-05 2.40115351e-05 1.16024145e-04 2.35296582e-04
  9.88629545e-05 3.39891631e-05 2.08974452e-05 2.76818701e-05
  2.45600986e-05 4.09058848e-05 1.28509855e-04 4.23466554e-05
  2.60797897e-05 4.57290480e-05 1.14179173e-04 8.47863703e-05
  1.10933492e-04 3.82615573e-04]
 [1.07512129e-07 1.93157757e-06 1.06756261e-07 1.65625408e-07
  1.93928383e-04 1.66761595e-06 8.69440441e-07 9.91828642e-07
  4.95881466e-07 4.23942979e-08 4.62261056e-08 1.69273369e-06
  1.40025391e-09 6.22176088e-08 5.66655523e-08 6.98539407e-06
  2.94604297e-06 8.42639245e-03 1.21368982e-01 2.24251434e-01
  2.93939650e-01 1.02756575e-01 3.71746048e-02 3.95855084e-02
  2.56785750e-02 2.30168868e-02 1.24207716e-02 1.01985661e-02
  1.57666951e-02 3.53992428e-03 3.05174245e-03 3.23326839e-03
  3.57004884e-03 1.91854767e-03 1.43912612e-02 1.40445558e-02
  4.19915468e-03 1.55653630e-03 7.48110935e-04 1.17251684e-03
  1.26231264e-03 5.79263689e-03 5.78962639e-03 4.70058341e-03
  1.61299435e-03 3.43906297e-03 2.94734864e-03 1.58483721e-03
  1.87485793e-03 4.77336161e-03]
 [8.57971600e-07 6.14726162e-07 2.97375863e-07 2.15588614e-07
  6.55973610e-03 4.15616796e-06 5.89240972e-06 9.13733311e-06
  1.63970508e-05 8.67828419e-07 1.06580292e-05 1.74318382e-06
  2.86176025e-08 3.76774636e-07 2.85042262e-07 2.85419694e-04
  1.52311322e-05 8.54994170e-03 1.93996367e-03 3.80348824e-02
  2.13391155e-01 6.49690032e-02 6.40217736e-02 8.04201588e-02
  5.89465573e-02 5.11993729e-02 3.91714945e-02 3.11428290e-02
  2.20922213e-02 6.51728269e-03 2.56856326e-02 2.79953945e-02
  2.12967992e-02 1.63487624e-02 2.59125400e-02 2.94397380e-02
  1.57482270e-02 5.59040951e-03 2.24110670e-03 6.07642392e-03
  8.46165884e-03 2.85423119e-02 1.46204280e-02 1.69138424e-02
  5.36033791e-03 1.36209540e-02 1.23293269e-02 1.07552707e-02
  9.65767913e-03 1.60945989e-02]
 [2.10691695e-07 6.52527524e-06 1.42551073e-07 1.68897841e-07
  9.53788590e-03 1.06479183e-05 2.39775545e-06 4.67224527e-05
  2.69288307e-06 1.78372909e-06 5.47602076e-06 1.39840085e-06
  9.04144670e-09 7.91547876e-08 1.82949492e-07 1.52273753e-06
  1.79657241e-06 7.42983422e-04 6.65157058e-05 1.04517480e-02
  8.01835433e-02 3.31692919e-02 3.20354961e-02 5.17129302e-02
  9.79909450e-02 8.42715055e-02 5.39007783e-02 3.88959125e-02
  1.79339554e-02 1.29244765e-02 4.82433662e-02 5.08019179e-02
  3.22123840e-02 1.89762674e-02 1.09865125e-02 1.43381208e-02
  1.20860161e-02 9.89957061e-03 5.52937016e-03 2.02818513e-02
  3.35129797e-02 7.54389390e-02 1.96320545e-02 2.11427007e-02
  1.28594376e-02 2.64878403e-02 2.36272272e-02 1.64501704e-02
  1.05841774e-02 1.30093219e-02]
 [3.08195709e-08 1.79815459e-06 1.57809747e-08 6.87580197e-08
  4.29618638e-04 6.99817178e-07 2.65877361e-07 2.27695418e-05
  2.89458626e-07 1.93249775e-07 8.31072498e-07 6.05660588e-08
  9.38223832e-10 5.58060487e-09 9.40722700e-08 5.17724494e-08
  1.22043119e-07 2.92844434e-05 2.95879750e-06 1.63909758e-03
  3.05735432e-02 1.51677709e-02 1.59631148e-02 3.96567434e-02
  8.15017298e-02 8.13182667e-02 5.31415194e-02 4.02150378e-02
  1.61984228e-02 1.24620777e-02 6.59300163e-02 5.59706502e-02
  3.96246091e-02 2.34213583e-02 1.26401903e-02 1.39047466e-02
  1.67476647e-02 1.06181167e-02 6.33631134e-03 4.17085513e-02
  4.40381840e-02 1.15671724e-01 2.07645651e-02 2.68321633e-02
  1.25869848e-02 3.59037071e-02 2.44905762e-02 1.84060894e-02
  1.43437563e-02 1.17335245e-02]
 [2.69659012e-07 1.44849810e-05 5.74837387e-08 3.89699409e-07
  4.86868201e-04 1.67524934e-06 3.02773174e-07 1.01181184e-04
  1.59024887e-06 9.53525728e-07 3.72257773e-06 2.02529250e-07
  7.78529241e-09 6.98021907e-08 3.90654236e-07 3.52936780e-07
  4.57336029e-07 9.10737435e-05 2.33339847e-06 1.17310393e-03
  2.77455058e-02 1.54328439e-02 1.59150977e-02 4.21178006e-02
  7.53914118e-02 7.49300495e-02 5.02515249e-02 3.81764434e-02
  1.62664764e-02 1.27361398e-02 6.72901571e-02 5.46029918e-02
  3.76381055e-02 2.32349820e-02 1.23307705e-02 1.36400377e-02
  1.81294158e-02 1.11239832e-02 6.63537113e-03 5.25503866e-02
  4.59817126e-02 1.18539095e-01 2.01117005e-02 2.80360933e-02
  1.31680332e-02 3.89288850e-02 2.24690493e-02 1.77224576e-02
  1.57304406e-02 1.12935742e-02]
 [3.07184337e-07 1.07896549e-05 6.10548696e-08 3.40602668e-07
  2.82772584e-04 1.10742280e-06 2.02745440e-07 4.75051638e-05
  1.98112411e-06 7.63323158e-07 4.02920114e-06 1.05921394e-07
  1.13782441e-08 5.65786493e-08 4.14706562e-07 3.02086050e-07
  2.58951815e-07 5.82129287e-05 1.33274159e-06 9.27582383e-04
  2.18647309e-02 1.29581979e-02 1.33682163e-02 3.91616747e-02
  6.62396327e-02 7.10709840e-02 4.52211797e-02 3.50332111e-02
  1.48134548e-02 1.32959094e-02 7.12545663e-02 5.24809025e-02
  3.82807329e-02 2.25054231e-02 1.30027262e-02 1.28690116e-02
  1.92901921e-02 1.14728184e-02 7.51132891e-03 6.40314221e-02
  4.77745943e-02 1.30000606e-01 1.97167192e-02 3.01936064e-02
  1.36744455e-02 4.27882671e-02 2.33868584e-02 1.77002419e-02
  1.67116486e-02 1.09885372e-02]
 [4.86151635e-07 1.72919354e-05 7.93975801e-08 4.54816046e-07
  2.65291368e-04 1.50964911e-06 1.95536543e-07 7.29486928e-05
  3.09077041e-06 1.17588854e-06 4.90121829e-06 1.59878809e-07
  2.16308500e-08 1.22672105e-07 5.74156672e-07 6.89886235e-07
  2.90358059e-07 7.51922344e-05 1.52980317e-06 8.85172398e-04
  2.15207394e-02 1.29400939e-02 1.31385634e-02 3.87431532e-02
  6.27644435e-02 6.82779402e-02 4.49801646e-02 3.54932286e-02
  1.49186570e-02 1.39753157e-02 7.27715492e-02 5.10881431e-02
  3.71245332e-02 2.25318596e-02 1.30007425e-02 1.23809474e-02
  1.94116980e-02 1.18067013e-02 7.95495510e-03 6.86779395e-02
  4.80309613e-02 1.28894195e-01 1.92514788e-02 3.10853254e-02
  1.43539207e-02 4.45687957e-02 2.32912712e-02 1.79471746e-02
  1.69809386e-02 1.07633518e-02]
 [7.32145907e-07 1.73136377e-05 1.19259028e-07 5.67352402e-07
  2.80739478e-04 1.92637731e-06 2.13929695e-07 5.88724579e-05
  5.15886313e-06 1.40159386e-06 7.43526971e-06 1.62310002e-07
  4.02841955e-08 1.67330256e-07 8.27594306e-07 9.93069648e-07
  3.82066588e-07 8.36355830e-05 1.19841923e-06 8.28182267e-04
  1.94995720e-02 1.21409865e-02 1.26066254e-02 3.77787799e-02
  5.90445735e-02 6.65025711e-02 4.29550037e-02 3.41417082e-02
  1.42693892e-02 1.41285025e-02 7.37789050e-02 5.02866805e-02
  3.75089757e-02 2.24789046e-02 1.32412640e-02 1.22857951e-02
  1.97809916e-02 1.21184643e-02 8.41494650e-03 7.38102570e-02
  4.89464737e-02 1.33314505e-01 1.94834191e-02 3.15055773e-02
  1.46109480e-02 4.55271192e-02 2.31228825e-02 1.77224632e-02
  1.70082916e-02 1.06954100e-02]
 [6.43350404e-07 2.07966696e-05 1.09840080e-07 5.48632954e-07
  2.65935523e-04 2.09876930e-06 2.30041209e-07 9.19574959e-05
  5.46786259e-06 1.79132803e-06 5.91449816e-06 1.97641839e-07
  4.02453857e-08 1.66614853e-07 8.08453422e-07 1.21811740e-06
  3.58608105e-07 8.55952458e-05 1.47608000e-06 7.71481835e-04
  1.86339989e-02 1.13592213e-02 1.21291792e-02 3.53457145e-02
  5.63110635e-02 6.34661093e-02 4.32347283e-02 3.49351205e-02
  1.45493615e-02 1.43206110e-02 7.30580315e-02 4.95373420e-02
  3.66949178e-02 2.31306963e-02 1.31867211e-02 1.24427583e-02
  1.98998805e-02 1.26013150e-02 8.71811900e-03 7.58542046e-02
  4.99457456e-02 1.33404195e-01 2.02568118e-02 3.23893614e-02
  1.55271403e-02 4.72306013e-02 2.32643392e-02 1.86594743e-02
  1.75360925e-02 1.11203184e-02]
 [1.07594678e-06 2.15464115e-05 1.77156835e-07 6.98616589e-07
  2.96750251e-04 2.76251808e-06 2.61343359e-07 7.24935890e-05
  9.98756514e-06 2.16558283e-06 1.00241887e-05 2.07881584e-07
  8.19514625e-08 2.58068411e-07 1.15014223e-06 1.78577204e-06
  5.30205682e-07 1.07463726e-04 1.21948403e-06 7.35115260e-04
  1.73422843e-02 1.10908356e-02 1.18575031e-02 3.52399312e-02
  5.34131862e-02 6.25803322e-02 4.12908345e-02 3.36941071e-02
  1.39987599e-02 1.44631639e-02 7.37360045e-02 4.90632914e-02
  3.75297815e-02 2.31536869e-02 1.36049660e-02 1.25174997e-02
  2.04237550e-02 1.28362058e-02 9.07780044e-03 7.92837292e-02
  4.99980412e-02 1.36661306e-01 2.03251261e-02 3.28572690e-02
  1.55936945e-02 4.73866500e-02 2.30294298e-02 1.81893501e-02
  1.74598210e-02 1.10358987e-02]
 [8.58487567e-07 2.37143540e-05 1.31316526e-07 6.45433715e-07
  2.59870780e-04 2.55288842e-06 2.67744184e-07 1.11297348e-04
  8.30443605e-06 2.47768321e-06 6.97916494e-06 2.31466373e-07
  6.38386695e-08 2.02640265e-07 1.02390084e-06 1.84750195e-06
  4.40812101e-07 9.50250105e-05 1.57655666e-06 7.11499189e-04
  1.69860013e-02 1.04255285e-02 1.14745051e-02 3.29640582e-02
  5.16647734e-02 6.05893135e-02 4.21105325e-02 3.48380581e-02
  1.43336207e-02 1.46174328e-02 7.28752688e-02 4.82545123e-02
  3.67641225e-02 2.38245446e-02 1.35495896e-02 1.26719177e-02
  2.04412099e-02 1.32188601e-02 9.29174758e-03 8.01067799e-02
  5.05350754e-02 1.36126995e-01 2.10661441e-02 3.35881598e-02
  1.63754970e-02 4.86303084e-02 2.31263507e-02 1.91003885e-02
  1.78289711e-02 1.13907252e-02]
 [1.37707843e-06 2.23364332e-05 2.07894274e-07 7.62432421e-07
  2.75416096e-04 3.12037650e-06 2.88304136e-07 7.51838961e-05
  1.42413492e-05 2.71668750e-06 1.19232545e-05 2.20270152e-07
  1.22008856e-07 2.95739795e-07 1.30712567e-06 2.45724073e-06
  6.17754665e-07 1.12203299e-04 1.27122075e-06 6.84273255e-04
  1.59172211e-02 1.02093024e-02 1.11965416e-02 3.30547132e-02
  4.93510254e-02 6.02217354e-02 4.03728597e-02 3.37202735e-02
  1.37911653e-02 1.47444727e-02 7.39481598e-02 4.79348786e-02
  3.77542563e-02 2.38277782e-02 1.40187610e-02 1.26885064e-02
  2.09394116e-02 1.33470539e-02 9.59841628e-03 8.31162557e-02
  5.02595939e-02 1.39243796e-01 2.09643375e-02 3.39358710e-02
  1.62323527e-02 4.83927988e-02 2.28005294e-02 1.84656121e-02
  1.75890997e-02 1.11529073e-02]
 [1.04749824e-06 2.45901665e-05 1.40226149e-07 6.94755045e-07
  2.37797882e-04 2.77343906e-06 2.90233544e-07 1.21461417e-04
  1.05241725e-05 3.06554307e-06 7.60124885e-06 2.48808789e-07
  8.57200888e-08 2.20414094e-07 1.14355805e-06 2.41150428e-06
  4.89153194e-07 9.48917805e-05 1.74308616e-06 6.77450269e-04
  1.59787275e-02 9.73772071e-03 1.09789614e-02 3.11046354e-02
  4.82830890e-02 5.86858019e-02 4.16830592e-02 3.52240279e-02
  1.42384795e-02 1.49392476e-02 7.29859099e-02 4.70984429e-02
  3.68113890e-02 2.45126672e-02 1.38884904e-02 1.28091387e-02
  2.08067950e-02 1.36870714e-02 9.76534095e-03 8.30783769e-02
  5.05899638e-02 1.37553319e-01 2.16614623e-02 3.45420912e-02
  1.70139540e-02 4.94475625e-02 2.28991229e-02 1.94435865e-02
  1.78872738e-02 1.14755789e-02]
 [1.69748012e-06 2.22440431e-05 2.26003039e-07 8.07280514e-07
  2.51521240e-04 3.33610524e-06 3.13515102e-07 7.47595768e-05
  1.78717837e-05 3.22384790e-06 1.35067430e-05 2.26061658e-07
  1.61486895e-07 3.16901094e-07 1.41610008e-06 3.06964694e-06
  7.00033638e-07 1.10914531e-04 1.35475921e-06 6.52095710e-04
  1.49798319e-02 9.56816226e-03 1.07184453e-02 3.13810557e-02
  4.63196933e-02 5.85482158e-02 3.98848355e-02 3.40012386e-02
  1.36512909e-02 1.50132198e-02 7.42210373e-02 4.69400100e-02
  3.79364043e-02 2.44683102e-02 1.43867563e-02 1.27982739e-02
  2.13089474e-02 1.37425307e-02 1.00359581e-02 8.58891457e-02
  5.02002575e-02 1.40775800e-01 2.14527398e-02 3.48351188e-02
  1.67319346e-02 4.90110181e-02 2.25616191e-02 1.87025275e-02
  1.75996255e-02 1.11762807e-02]]
27804446-Q4968566	[[8.92951444e-04 2.05517747e-02 1.23701869e-02 4.15408760e-02
  6.76378317e-04 3.79656591e-02 1.91285578e-03 1.81962848e-01
  2.48368494e-02 6.15333281e-02 2.30732886e-03 1.60573386e-02
  1.01814661e-02 2.01812712e-03 1.65445847e-03 8.85641295e-03
  4.33166437e-02 5.21507144e-01 7.85038155e-03 1.31873414e-04
  1.27829160e-04 3.06140792e-05 5.64037400e-05 3.82425023e-05
  5.80956548e-05 3.28146234e-05 5.70790035e-05 6.86892890e-05
  8.41100409e-05 9.55626383e-05 2.96021735e-05 4.07621956e-05
  3.09291972e-05 5.91685930e-05 3.73858420e-05 6.53363822e-05
  5.26275908e-05 9.48764937e-05 7.37461305e-05 4.12610570e-05
  4.09661261e-05 3.97314543e-05 9.93178837e-05 8.61844237e-05
  1.25133825e-04 6.55928598e-05 3.58123143e-05 6.68316643e-05
  5.06181677e-05 8.98252038e-05]
 [5.11658357e-07 3.48307658e-05 7.39936695e-06 8.02381779e-04
  1.13637566e-06 4.99473244e-05 1.15852919e-04 3.25671535e-05
  1.11231884e-05 1.04913279e-01 1.23450044e-03 5.65201153e-05
  3.52579984e-04 2.70777829e-02 3.37169222e-05 1.10543515e-04
  8.64573538e-01 5.45520510e-04 3.45691319e-07 5.68812709e-07
  5.73699424e-07 1.41560668e-06 1.86327122e-06 2.07840344e-06
  4.94239202e-07 5.46798617e-07 6.15715123e-07 6.60630803e-07
  2.60510728e-06 1.19004983e-06 8.32479600e-07 8.63984042e-07
  8.99676195e-07 9.31898114e-07 1.72911291e-06 1.96205656e-06
  2.98358464e-06 1.31021636e-06 1.06622394e-06 1.74766433e-06
  8.67178642e-07 1.33004494e-06 2.64260643e-06 2.95928498e-06
  1.41035810e-06 2.09992891e-06 7.19940033e-07 8.67795848e-07
  2.79275423e-06 3.22483083e-06]
 [4.49053239e-09 9.36221622e-05 1.50961387e-05 4.49652333e-07
  9.62197082e-04 3.10276555e-05 5.60403532e-05 6.39839564e-04
  2.00201728e-04 1.51132292e-06 3.54491604e-05 2.19789697e-04
  2.39167766e-05 1.64909335e-03 2.43143404e-05 9.07026042e-05
  1.06250821e-03 9.90538597e-01 2.37630401e-03 2.22250543e-04
  8.09224613e-04 4.44528036e-04 8.68780771e-05 1.00502381e-04
  2.71183217e-05 2.05522956e-05 1.76533831e-05 1.82822569e-05
  2.77963572e-05 4.13154021e-06 4.80897870e-06 1.01828700e-05
  8.21430694e-06 6.66811684e-06 1.48336903e-05 1.23309947e-05
  1.54427453e-05 2.02092565e-06 1.10862914e-06 3.79441053e-06
  6.10156712e-06 1.52487191e-05 9.07499725e-06 1.96669298e-05
  2.50120206e-06 1.00371581e-05 1.04175624e-05 1.08030445e-05
  1.72208438e-05 1.99596543e-05]
 [2.22322385e-07 2.85878159e-05 2.81293887e-05 5.38513996e-06
  1.68437782e-05 2.61396309e-03 1.23088412e-05 1.01804908e-04
  1.47246261e-04 1.81268156e-03 2.97806528e-05 1.85018138e-03
  2.25323737e-02 9.26352262e-01 4.00739227e-04 9.79775912e-04
  1.99636519e-02 1.05531858e-02 9.61250532e-03 8.42779467e-04
  5.84474008e-04 7.83868949e-04 2.64194328e-04 1.58430979e-04
  1.73733370e-05 1.94956610e-05 1.21654502e-05 9.10035942e-06
  4.57894530e-05 6.18270815e-06 4.02470005e-06 5.81639779e-06
  7.99067857e-06 5.94018456e-06 1.72030868e-05 2.19312078e-05
  2.19422327e-05 2.65111771e-06 1.54874760e-06 4.70016630e-06
  2.57624015e-06 1.05210329e-05 1.75437781e-05 2.17438192e-05
  2.98896703e-06 8.79823438e-06 5.97125290e-06 5.66486733e-06
  1.68980951e-05 2.78779498e-05]
 [1.12174951e-06 2.63265130e-04 8.48652126e-05 1.25466670e-06
  4.24645486e-06 1.17551244e-03 1.40016258e-04 4.65708035e-06
  1.59316731e-03 8.62387766e-04 1.27552426e-04 4.82393913e-02
  5.31654980e-04 2.21610814e-01 5.15067531e-03 4.45830345e-01
  2.22235605e-01 2.93790549e-02 1.64029151e-02 9.62471473e-04
  1.71186659e-03 1.02988991e-03 5.48587006e-04 2.32636376e-04
  6.79979203e-05 4.42304263e-05 4.09434178e-05 4.11698857e-05
  1.36833332e-04 6.72234091e-05 1.27516350e-05 2.72801553e-05
  3.08582385e-05 2.84102716e-05 4.10828179e-05 1.21030651e-04
  8.74492180e-05 5.77062856e-05 3.47044770e-05 1.55675734e-05
  1.78994305e-05 4.41206394e-05 8.11981154e-05 8.76703343e-05
  8.27763142e-05 6.40211438e-05 8.93805554e-05 7.45235157e-05
  1.59222021e-04 3.20074469e-04]
 [4.63007427e-06 3.57392803e-03 1.18700154e-02 5.41320151e-05
  1.36179780e-03 2.69900588e-03 1.13986004e-02 9.34069790e-03
  6.15335479e-02 1.02271733e-03 2.59502567e-02 2.42299843e-03
  1.13817468e-01 7.02488601e-01 1.68704167e-02 3.07786558e-03
  4.52336902e-03 2.23689377e-02 9.53993935e-04 1.53466128e-04
  6.62128266e-04 2.57878128e-04 3.45794455e-04 2.30086618e-04
  1.13716720e-04 5.33812745e-05 9.66314255e-05 9.15485798e-05
  1.23155318e-04 7.18651136e-05 4.35292422e-05 7.16020077e-05
  5.96309037e-05 1.00109959e-04 6.96220523e-05 1.62952900e-04
  1.08017492e-04 1.02423801e-04 6.52138988e-05 5.36417465e-05
  7.41787517e-05 6.33209056e-05 1.30487446e-04 7.20503231e-05
  1.15246061e-04 8.89022631e-05 1.75964393e-04 2.44907249e-04
  3.26923589e-04 3.38538084e-04]
 [4.51453896e-09 2.67074531e-04 3.36706580e-05 4.10958046e-06
  1.89342918e-05 2.42628669e-03 3.64445103e-03 2.15089694e-03
  1.64705713e-03 3.73817421e-03 1.42900157e-04 3.16051929e-03
  7.06365216e-04 9.76625085e-01 1.55861504e-04 2.75412225e-03
  4.55737354e-05 2.46179779e-03 7.31301679e-06 3.13798921e-07
  1.08686470e-06 1.43569082e-06 3.44943857e-07 8.24127085e-07
  2.20148891e-07 8.34956921e-08 2.46755036e-07 2.54460161e-07
  2.97295571e-07 6.06946600e-08 9.71482805e-08 9.89091617e-08
  4.84500333e-08 1.40292045e-07 4.11252273e-07 1.24000863e-07
  2.49126856e-07 7.60812782e-08 8.58500471e-08 1.58243409e-07
  1.38440370e-07 1.37396441e-07 1.20014519e-07 2.75055186e-07
  1.30862517e-07 3.30758184e-07 2.53561694e-07 5.60451554e-07
  9.73828264e-07 2.78906441e-07]
 [5.04762676e-10 4.67676500e-07 9.29142152e-06 8.31540274e-06
  4.01301759e-06 2.79028541e-06 1.51273003e-03 1.28402155e-06
  1.00331454e-04 2.38401908e-02 3.74230964e-04 2.55740542e-06
  4.35147434e-03 3.76964599e-01 2.80233780e-05 3.73347830e-05
  5.92480421e-01 2.73611950e-04 2.62017210e-07 8.10240920e-07
  3.69286454e-07 1.29404532e-06 1.91671361e-07 7.90618515e-07
  7.59896537e-08 4.20414601e-08 7.71615092e-08 6.93392437e-08
  1.98509994e-07 1.17124301e-08 8.12687517e-08 1.06967875e-07
  4.78068820e-08 9.71469305e-08 4.20854064e-07 9.83522597e-08
  3.26424811e-07 1.52424189e-08 1.46135459e-08 2.38747816e-07
  1.14529513e-07 1.40732979e-07 8.67316032e-08 2.53928420e-07
  1.73678565e-08 2.95960177e-07 1.37992274e-07 3.63244453e-07
  1.02836009e-06 2.75105947e-07]
 [2.26724128e-09 1.18153537e-06 1.36218179e-04 4.23958930e-08
  1.01985097e-05 9.30005117e-05 1.07633841e-05 2.08276888e-05
  6.78156430e-05 1.14549739e-05 1.12525313e-05 5.99749110e-05
  3.63421568e-04 6.83151447e-05 2.14616957e-05 4.79974078e-05
  6.63988067e-06 9.98196423e-01 1.57718503e-04 3.57049939e-05
  2.24826563e-05 1.02971346e-04 8.07459037e-06 4.30639229e-05
  5.14889643e-06 7.62682339e-06 6.27066311e-06 6.17324531e-06
  4.36469090e-05 2.53468124e-06 2.70111991e-06 9.14283555e-06
  1.19562192e-05 7.98644214e-06 6.63926985e-05 1.78297232e-05
  6.35151446e-05 2.32485218e-06 1.43903048e-06 1.14040704e-05
  9.34099717e-06 1.75327714e-05 5.85188354e-06 3.05113972e-05
  1.56293652e-06 2.17073903e-05 2.06765071e-05 1.78444370e-05
  8.56164697e-05 2.62928606e-05]
 [2.78049100e-07 5.66124481e-06 8.82973254e-04 1.65009553e-07
  1.22219062e-04 9.98369942e-05 2.12093400e-05 1.06237258e-05
  6.35125325e-04 4.84170005e-06 4.52061999e-04 9.02866886e-05
  1.84649671e-03 7.00231385e-06 9.24448250e-06 6.61476573e-04
  3.42019011e-05 9.94718671e-01 3.46827350e-04 5.65523351e-06
  1.75023627e-06 2.46176410e-06 7.63506705e-07 2.56686531e-06
  1.12329087e-06 6.23342089e-07 6.85127873e-07 5.62504397e-07
  1.73576984e-06 2.17754263e-07 1.00555167e-06 1.39436452e-06
  8.21488072e-07 6.94107598e-07 4.38451070e-06 1.68217321e-06
  3.45642434e-06 4.79921596e-07 2.96502719e-07 1.50536300e-06
  1.19573463e-06 1.04751552e-06 8.42547422e-07 2.20305014e-06
  3.89659959e-07 2.03660261e-06 1.68590725e-06 1.07888388e-06
  4.87536227e-06 1.45872639e-06]
 [2.17936486e-05 5.49055585e-05 3.20314756e-03 8.05453169e-07
  1.56266309e-04 2.50927333e-05 1.52094281e-05 3.39233120e-05
  4.08464781e-04 3.38756126e-06 3.74587107e-04 1.18523974e-04
  1.32908719e-03 6.71300268e-06 8.98472990e-06 7.49573437e-03
  3.82242870e-05 9.82348263e-01 4.22229571e-03 3.35556688e-05
  6.59445914e-06 3.86051579e-06 2.41152634e-06 4.25294684e-06
  3.88047783e-06 2.38271286e-06 1.94907489e-06 1.47233231e-06
  3.53506221e-06 1.24104304e-06 3.04031073e-06 3.87459067e-06
  2.71040540e-06 1.88932813e-06 6.55040185e-06 3.48971798e-06
  5.48210301e-06 1.76787080e-06 1.92372590e-06 5.28305918e-06
  4.03213107e-06 2.08324172e-06 1.97631448e-06 3.82808093e-06
  1.25741451e-06 4.01863372e-06 4.00321824e-06 2.09940868e-06
  6.83852750e-06 3.32708419e-06]
 [7.05678394e-05 1.70092335e-05 1.78531965e-03 3.54962225e-07
  6.66238193e-05 7.64460583e-06 5.53547125e-06 7.28381428e-06
  1.77331560e-04 2.24646624e-06 2.71130149e-04 2.96175876e-05
  4.14948823e-04 9.40823156e-07 2.42599049e-06 4.39713849e-03
  8.61967492e-05 9.91611660e-01 9.47389228e-04 2.31921513e-05
  4.32194611e-06 2.07639573e-06 1.51934671e-06 2.39444785e-06
  3.16176829e-06 1.46951641e-06 1.05732397e-06 8.60269949e-07
  1.73807155e-06 1.34426932e-06 2.88054775e-06 3.41614464e-06
  1.87763555e-06 1.19014703e-06 4.48427045e-06 2.25544795e-06
  3.39181065e-06 2.02266733e-06 2.61770811e-06 4.12617419e-06
  4.05030460e-06 2.45216779e-06 2.06469008e-06 3.81626569e-06
  1.76073593e-06 3.85982594e-06 2.43745376e-06 1.19830054e-06
  3.01130035e-06 2.44624903e-06]
 [4.12961090e-05 6.62969069e-06 7.30790314e-04 1.41402907e-07
  4.23702731e-05 4.05149285e-06 3.66135328e-06 2.65761673e-06
  8.90244482e-05 1.31313391e-06 2.37233311e-04 1.14660515e-05
  1.54466688e-04 2.74077195e-07 1.08631457e-06 1.77754625e-03
  1.49905973e-04 9.96520996e-01 1.65497127e-04 1.57936029e-05
  3.22867186e-06 1.50445896e-06 1.06252821e-06 1.70085036e-06
  2.14152828e-06 8.24596441e-07 5.66290566e-07 4.89071908e-07
  8.26319706e-07 8.20648779e-07 1.82454414e-06 1.98792486e-06
  9.55009909e-07 5.84803388e-07 2.45408751e-06 1.12495275e-06
  1.71301372e-06 1.23853897e-06 1.54459610e-06 1.90518540e-06
  2.14656438e-06 1.57002603e-06 1.19321169e-06 2.35260791e-06
  1.21674680e-06 2.27958435e-06 1.32267576e-06 6.33267121e-07
  1.31274203e-06 1.31419745e-06]
 [7.58766255e-05 8.41227211e-06 6.43957581e-04 1.58831583e-07
  3.56153723e-05 3.28207921e-06 4.07885227e-06 3.04874925e-06
  7.73859283e-05 1.38021915e-06 2.52597179e-04 1.01215064e-05
  1.12296897e-04 1.93361899e-07 6.51474636e-07 9.84418206e-04
  1.89476516e-04 9.97450054e-01 9.13555195e-05 1.47476321e-05
  3.13706983e-06 1.57346324e-06 1.03552725e-06 1.74998979e-06
  2.23126131e-06 7.86510725e-07 5.42152577e-07 4.82754444e-07
  7.15951330e-07 7.92641572e-07 1.78650771e-06 1.88331637e-06
  8.46602973e-07 5.25569988e-07 2.10853841e-06 9.23060611e-07
  1.51099596e-06 1.16283331e-06 1.45754905e-06 1.66925804e-06
  1.94248241e-06 1.54135307e-06 1.02055560e-06 2.16830222e-06
  1.17704417e-06 2.09208997e-06 1.17299658e-06 5.73274178e-07
  1.11346390e-06 1.09152461e-06]
 [2.33827363e-04 1.33240019e-05 7.38991483e-04 2.65462518e-07
  3.21522602e-05 3.15926377e-06 5.30353145e-06 4.46786635e-06
  8.16744578e-05 1.73475803e-06 3.26540554e-04 9.38919857e-06
  1.15064169e-04 1.44024497e-07 5.15747445e-07 7.10394583e-04
  1.99944203e-04 9.97379065e-01 6.69078072e-05 1.63804762e-05
  3.71038345e-06 2.03551053e-06 1.39368592e-06 2.50164908e-06
  3.58609964e-06 1.23340385e-06 8.48003651e-07 7.69365613e-07
  1.02983529e-06 1.28567706e-06 2.99826229e-06 3.07040023e-06
  1.34632853e-06 8.39106178e-07 3.12852876e-06 1.32048706e-06
  2.27336750e-06 1.85672877e-06 2.38075404e-06 2.44224225e-06
  2.90001321e-06 2.40352597e-06 1.39359156e-06 3.20921390e-06
  1.83913926e-06 3.13378769e-06 1.77409208e-06 8.71057409e-07
  1.59447279e-06 1.50864219e-06]
 [9.69674380e-04 1.81283885e-05 7.60869880e-04 4.81666120e-07
  2.18030618e-05 2.95418113e-06 5.80570213e-06 6.24347149e-06
  7.86082164e-05 2.36221354e-06 4.48636943e-04 7.29230896e-06
  1.31847046e-04 9.84979636e-08 4.07295147e-07 5.27044525e-04
  1.78534363e-04 9.96660352e-01 4.55638110e-05 1.87880287e-05
  4.71076555e-06 2.82579799e-06 2.17450520e-06 4.12121562e-06
  7.09544884e-06 2.47353955e-06 1.64987739e-06 1.52499842e-06
  1.82238546e-06 2.73790124e-06 6.74677312e-06 6.58773251e-06
  2.88511183e-06 1.75415948e-06 6.13826342e-06 2.44017042e-06
  4.35872835e-06 3.90795503e-06 5.24153438e-06 4.42853388e-06
  5.47301715e-06 4.65967287e-06 2.35025459e-06 5.96366726e-06
  3.70612952e-06 5.96446307e-06 3.57885392e-06 1.71805527e-06
  2.82138444e-06 2.69514567e-06]
 [4.76496620e-03 2.06747172e-05 5.87413262e-04 8.17851458e-07
  1.14569857e-05 2.56218846e-06 5.73361103e-06 7.72264593e-06
  5.78055697e-05 3.33701678e-06 7.77117850e-04 5.09781921e-06
  1.45102429e-04 7.65414114e-08 3.13427648e-07 4.33467358e-04
  1.62955999e-04 9.92771924e-01 2.43057966e-05 1.74851357e-05
  5.13126952e-06 3.53879886e-06 2.93358539e-06 6.06929098e-06
  1.24681483e-05 4.50550351e-06 2.85168676e-06 2.71042813e-06
  2.81762254e-06 5.38240920e-06 1.41097344e-05 1.28182382e-05
  5.69259009e-06 3.29924342e-06 1.10755118e-05 3.94103654e-06
  7.64576635e-06 7.51219113e-06 1.08818731e-05 7.37546179e-06
  9.35208755e-06 8.26248106e-06 3.41678719e-06 1.00979860e-05
  6.76329137e-06 1.04153823e-05 6.80935136e-06 3.12317843e-06
  4.54818655e-06 4.30295904e-06]
 [2.39204597e-02 1.92717835e-05 3.58385762e-04 1.31817353e-06
  5.25149653e-06 2.12759551e-06 5.43752049e-06 8.45858085e-06
  3.29494360e-05 4.42408918e-06 1.50785630e-03 3.25602991e-06
  1.43842713e-04 7.07990253e-08 2.59519936e-07 3.79292382e-04
  1.60196738e-04 9.73114133e-01 1.21270514e-05 1.43749257e-05
  4.98082545e-06 4.28694784e-06 3.33675598e-06 7.99060217e-06
  1.86572397e-05 7.18338197e-06 4.16188914e-06 4.10182201e-06
  3.56755390e-06 9.26049597e-06 2.54870556e-05 2.09193622e-05
  9.64827268e-06 5.14623616e-06 1.72002347e-05 5.06084507e-06
  1.17005820e-05 1.22646434e-05 2.00585091e-05 1.10697674e-05
  1.38908508e-05 1.30013104e-05 3.98096836e-06 1.49154475e-05
  1.04071996e-05 1.58249404e-05 1.15145795e-05 4.86364934e-06
  6.34493153e-06 5.60774561e-06]
 [9.54825357e-02 1.41328164e-05 2.08686979e-04 2.13161456e-06
  2.65662993e-06 1.77485720e-06 4.86334739e-06 7.73678403e-06
  1.81387277e-05 4.81667303e-06 2.74465256e-03 1.92446805e-06
  1.25075007e-04 7.21131741e-08 2.71715578e-07 3.58714344e-04
  1.64107376e-04 9.00442719e-01 6.79335517e-06 1.25132819e-05
  4.71932253e-06 5.23571907e-06 3.31485467e-06 9.54554707e-06
  2.39031269e-05 9.93833146e-06 5.08253697e-06 5.17046874e-06
  3.66674658e-06 1.36384633e-05 3.73062358e-05 2.76009996e-05
  1.35139890e-05 6.41646056e-06 2.16418266e-05 4.97195970e-06
  1.48813324e-05 1.61461248e-05 3.09694296e-05 1.43834404e-05
  1.72939544e-05 1.73349381e-05 3.60353238e-06 1.81476044e-05
  1.27274880e-05 1.96828696e-05 1.59801129e-05 6.02270211e-06
  7.21155766e-06 5.60814078e-06]
 [2.48877719e-01 8.96308302e-06 1.40024611e-04 3.10681276e-06
  1.75048274e-06 1.65131610e-06 3.99653800e-06 5.91201115e-06
  1.23927393e-05 4.34369849e-06 4.09727730e-03 1.13523924e-06
  1.02249774e-04 7.09406791e-08 3.21210308e-07 3.51001072e-04
  1.57435556e-04 7.45798051e-01 4.08715596e-06 1.09814009e-05
  4.16115108e-06 5.68485348e-06 2.80554832e-06 9.74526029e-06
  2.60177130e-05 1.15675421e-05 5.17609806e-06 5.35441404e-06
  3.15351758e-06 1.67722537e-05 4.20343131e-05 2.93533867e-05
  1.54122208e-05 6.46798799e-06 2.11785318e-05 3.87214732e-06
  1.52446964e-05 1.69286450e-05 3.81373575e-05 1.55820471e-05
  1.78494593e-05 1.89289203e-05 2.66959796e-06 1.76187259e-05
  1.22878000e-05 1.94071199e-05 1.73311873e-05 5.83396923e-06
  6.58326007e-06 4.42217788e-06]]
27804446-Q12033817	[[2.28383765e-03 1.57955252e-02 1.26144048e-02 4.34544459e-02
  1.14258169e-03 9.25890207e-02 1.06934237e-03 9.56907794e-02
  1.21701676e-02 9.78976265e-02 3.83759104e-03 4.29318100e-02
  1.76933352e-02 3.57616344e-03 2.25231657e-03 9.70953610e-03
  2.49214228e-02 5.08864641e-01 9.03979316e-03 8.12092985e-05
  1.18823853e-04 2.99161438e-05 5.39387001e-05 3.98604861e-05
  5.78236977e-05 3.65690794e-05 6.44216052e-05 7.98372712e-05
  9.77879827e-05 1.21383957e-04 4.07119987e-05 5.46919982e-05
  4.34272661e-05 7.93028958e-05 5.24275129e-05 9.14277989e-05
  7.34981440e-05 1.30492655e-04 1.04580547e-04 5.76992024e-05
  5.43877250e-05 5.47959971e-05 1.38166055e-04 1.19693454e-04
  1.69578983e-04 9.08922666e-05 5.03761767e-05 8.95915582e-05
  6.82616810e-05 1.20080360e-04]
 [6.60100486e-03 6.15517616e-01 2.49918979e-02 2.81623635e-03
  1.18964408e-02 5.67219034e-03 1.43226217e-02 1.58293340e-02
  1.49282729e-02 8.47385731e-03 1.16850156e-03 9.34038311e-02
  3.34543851e-03 5.09413593e-02 9.51275695e-03 5.41705824e-03
  2.84798946e-02 1.13767339e-02 2.51209401e-02 1.18411542e-03
  1.97457592e-03 2.57778377e-03 1.24200189e-03 1.80106552e-03
  3.25246132e-03 7.88254663e-04 1.90183998e-03 2.69939937e-03
  2.04840233e-03 2.00111722e-03 1.49252301e-03 2.41545239e-03
  7.23275298e-04 1.54363899e-03 5.69275580e-04 7.37115450e-04
  1.55692012e-03 2.26988550e-03 1.87750242e-03 1.06521917e-03
  1.34806393e-03 1.24656328e-03 5.98429411e-04 1.16531714e-03
  2.42259027e-03 1.67447329e-03 8.81772721e-04 1.76750298e-03
  2.51411996e-03 8.43320566e-04]
 [2.01246323e-04 3.34063262e-01 1.84361100e-01 6.92960282e-04
  1.09557221e-02 2.97154742e-03 1.34092458e-02 4.28038500e-02
  1.86093107e-01 2.91269575e-03 1.15519747e-01 5.61585696e-03
  6.35517668e-03 5.38305193e-02 7.76739907e-04 2.71589524e-04
  1.87871163e-03 8.76877806e-04 1.15697767e-04 3.73002491e-04
  9.10751405e-04 5.18488290e-04 7.97193905e-04 7.80325325e-04
  1.77456450e-03 7.91447703e-04 1.20705715e-03 1.46581454e-03
  6.83431048e-04 1.47836388e-03 8.08864192e-04 1.26264070e-03
  8.74169986e-04 1.18667306e-03 2.76495673e-04 5.51846810e-04
  7.93667161e-04 2.28473963e-03 1.74951344e-03 8.56487721e-04
  1.36758189e-03 7.84234842e-04 6.35219389e-04 7.20787037e-04
  2.58610398e-03 1.02787546e-03 2.29024235e-03 2.59220530e-03
  1.68346567e-03 1.18106860e-03]
 [1.46450532e-07 1.66292896e-03 4.74677712e-01 2.59903891e-06
  6.20771561e-06 8.73033772e-04 7.56382244e-04 1.50611833e-01
  8.78036469e-02 6.56484452e-04 4.01325058e-03 3.68236145e-03
  2.62821287e-01 1.02179069e-02 1.76821975e-03 1.52525899e-05
  4.58108786e-07 4.27857565e-04 6.34878177e-07 6.55597887e-08
  6.42974456e-08 1.21406657e-07 8.66145484e-08 1.00595159e-07
  5.44068257e-08 2.08930864e-08 5.14462499e-08 7.57005267e-08
  1.28385182e-07 1.18018981e-07 2.01855652e-08 2.51401797e-08
  1.61385838e-08 3.56713414e-08 2.45139571e-08 1.84159070e-08
  4.93533179e-08 8.24236110e-08 1.25147565e-07 6.27087644e-08
  3.08468984e-08 1.62150418e-08 1.87171576e-08 2.62521258e-08
  6.94725415e-08 5.02624502e-08 3.31503678e-08 6.80995882e-08
  9.47366345e-08 3.42638558e-08]
 [2.08813772e-10 3.91664202e-07 5.11654275e-09 1.97087997e-04
  4.60044198e-08 5.63490010e-09 2.66486259e-05 9.86815280e-07
  3.98154825e-08 3.29956901e-03 5.39171697e-06 8.07640333e-07
  1.08035628e-07 9.96465325e-01 2.61441505e-06 2.72847927e-07
  7.55334213e-07 1.54192736e-09 6.55336965e-11 4.36665079e-11
  5.00643797e-11 1.34021919e-10 9.10442416e-11 1.43484530e-10
  6.44886505e-11 5.35002008e-11 9.99698380e-11 1.26820179e-10
  1.61924821e-10 1.69215447e-10 5.19682353e-11 8.67041786e-11
  8.36278824e-11 1.49497414e-10 6.53666565e-11 4.87403694e-11
  1.66102451e-10 1.94228258e-10 3.54164365e-10 2.56394989e-10
  1.91335225e-10 1.22938049e-10 9.34619535e-11 1.34927042e-10
  2.38350034e-10 2.10861731e-10 2.09486747e-10 4.05170314e-10
  5.95585026e-10 1.98745520e-10]
 [4.61234748e-08 4.37655763e-05 3.71836063e-06 3.14573008e-05
  4.13992524e-01 1.60002732e-04 1.16781914e-04 5.28212520e-04
  7.48745369e-05 2.88393567e-05 2.75463983e-02 9.99645330e-03
  2.71758705e-04 3.80384505e-01 1.66284934e-01 3.41351515e-05
  4.36703704e-06 4.69713472e-04 2.79106803e-06 2.36794321e-07
  4.77793321e-07 6.13878683e-07 2.90132022e-07 6.80080575e-07
  5.51088078e-07 3.03403425e-07 8.36957156e-07 1.06163031e-06
  7.11761970e-07 4.50398773e-07 2.31458600e-07 4.28885045e-07
  3.30204273e-07 9.85674433e-07 4.88757394e-07 2.78691999e-07
  7.02596083e-07 5.30716193e-07 5.34900096e-07 4.59807637e-07
  6.30275963e-07 6.80161008e-07 4.30594469e-07 7.30817817e-07
  8.91077320e-07 8.88376462e-07 1.32784442e-06 3.59010005e-06
  3.45778449e-06 9.59849672e-07]
 [2.29022028e-08 7.02053285e-07 7.12947576e-06 3.79164845e-07
  2.29534253e-05 8.38351011e-01 1.74827583e-05 1.47934840e-03
  8.81094275e-06 1.18580583e-05 1.05418549e-04 1.29454434e-01
  2.78431214e-02 1.68057124e-03 9.62248945e-04 3.72456852e-05
  9.67591632e-07 1.50860642e-05 9.29509554e-08 2.29725519e-08
  2.61560356e-08 7.31451664e-08 6.10514661e-08 5.35603029e-08
  2.48792240e-08 1.51285420e-08 2.35632633e-08 2.07330828e-08
  3.43376811e-08 1.21261596e-08 5.52988411e-09 1.10325731e-08
  1.55469433e-08 3.35442358e-08 2.09207780e-08 3.28504086e-08
  6.07610389e-08 2.54860808e-08 1.79836235e-08 2.17782041e-08
  1.90111624e-08 3.25749419e-08 5.00392296e-08 3.65897996e-08
  2.45450895e-08 2.60163233e-08 4.95382082e-08 1.10050465e-07
  1.54016348e-07 1.23765417e-07]
 [1.89538355e-07 4.30054541e-07 8.45457453e-06 1.88641479e-06
  3.90258392e-05 9.83584541e-05 7.77363062e-01 4.04077673e-06
  2.74223220e-02 7.42101338e-06 3.57598881e-04 4.92077270e-05
  6.66584596e-02 1.26770750e-01 6.91210094e-04 1.32190267e-04
  3.47149151e-04 3.99928977e-05 4.33027390e-06 2.18633431e-07
  2.81984484e-07 4.06982679e-07 1.82450464e-07 3.19302416e-07
  1.54741102e-07 6.79322767e-08 1.67628698e-07 1.67656523e-07
  1.76044352e-07 4.19682493e-08 2.17522942e-08 5.49799815e-08
  4.73451998e-08 1.34213636e-07 7.22159399e-08 7.55220313e-08
  1.84072519e-07 5.36279607e-08 3.53354146e-08 4.59698342e-08
  5.11519538e-08 6.80823575e-08 5.69674583e-08 7.95914801e-08
  4.09151255e-08 5.91987188e-08 7.16601107e-08 1.82645280e-07
  2.64116153e-07 8.37026448e-08]
 [4.05237088e-08 6.77494995e-07 1.08276354e-05 7.57628555e-08
  1.94901895e-05 6.68604346e-03 6.59412171e-06 9.56018269e-01
  5.37356827e-04 1.19607852e-04 3.71803209e-04 1.74794700e-02
  2.51729437e-03 8.09634570e-03 7.92906433e-03 1.16376737e-06
  7.13245498e-08 1.90770210e-04 2.36869255e-07 1.37167092e-07
  1.21944964e-07 3.13692169e-07 5.22999585e-07 3.53579651e-07
  2.13872781e-07 2.95848650e-07 3.01592564e-07 3.22196570e-07
  7.88149123e-07 4.01727249e-07 7.11329875e-08 1.14436908e-07
  4.10252255e-07 5.27705083e-07 5.42748012e-07 1.09908729e-06
  1.05289939e-06 5.77467517e-07 3.82395342e-07 2.93654409e-07
  1.69284291e-07 3.49604647e-07 8.37702771e-07 4.04636012e-07
  3.05299267e-07 2.44933346e-07 4.66362962e-07 6.39366533e-07
  8.79269010e-07 1.55838029e-06]
 [4.75199528e-07 5.78215213e-06 1.72554701e-05 8.43407619e-08
  3.39927192e-06 5.43971662e-04 4.90679486e-06 9.98892605e-01
  3.02691216e-04 3.09622483e-05 1.39636350e-05 1.13740774e-04
  2.87724924e-05 1.76831290e-05 2.28333101e-05 2.66174229e-08
  1.23108346e-09 5.75019385e-07 1.73292991e-09 1.53782298e-09
  1.54795210e-09 3.71602260e-09 4.93250729e-09 4.50571935e-09
  4.42314985e-09 5.15295095e-09 4.98617814e-09 5.52268187e-09
  1.20796839e-08 6.21241014e-09 4.09663192e-09 5.22082688e-09
  1.05921636e-08 9.50006207e-09 1.09003535e-08 1.50034474e-08
  1.77263253e-08 1.15499743e-08 8.31624636e-09 1.04304325e-08
  7.63306218e-09 8.19207902e-09 1.60597011e-08 1.15619434e-08
  8.83156837e-09 8.46020587e-09 1.07852234e-08 9.32477562e-09
  1.59582338e-08 1.88239575e-08]
 [4.37463513e-07 4.32776778e-06 1.60401851e-05 1.09468964e-07
  2.70069336e-06 4.66574857e-04 5.59774435e-06 9.99074817e-01
  3.33203410e-04 2.13393123e-05 7.07343179e-06 3.97741896e-05
  1.60162926e-05 5.69012172e-06 5.52759229e-06 3.93104260e-09
  5.41470035e-10 2.68564378e-07 7.38743622e-10 2.74673995e-09
  2.90004021e-09 6.25980512e-09 9.55898205e-09 8.74568684e-09
  8.27084179e-09 9.21794285e-09 8.95875640e-09 9.88018911e-09
  1.97709440e-08 1.02022817e-08 8.12347256e-09 9.73959846e-09
  1.71859789e-08 1.52996442e-08 1.86223552e-08 2.37649882e-08
  2.70301239e-08 1.84032558e-08 1.27599691e-08 1.39765008e-08
  1.19189210e-08 1.24524568e-08 2.61155257e-08 1.94577829e-08
  1.55497712e-08 1.40167051e-08 1.91574685e-08 1.61221774e-08
  2.37978757e-08 3.17223190e-08]
 [8.24137715e-07 7.81500239e-06 1.88112263e-05 1.43572223e-07
  2.53430426e-06 4.47706669e-04 5.69343092e-06 9.99208868e-01
  2.41759757e-04 1.81970117e-05 3.74372667e-06 2.60077632e-05
  1.05420531e-05 2.88894125e-06 2.72763009e-06 2.45717158e-09
  4.53272225e-10 2.18720103e-07 1.16472620e-09 1.00184208e-08
  1.09189555e-08 2.36074253e-08 3.41350344e-08 3.16320694e-08
  3.10516235e-08 3.29020580e-08 3.13563469e-08 3.43930502e-08
  6.56906636e-08 3.54915670e-08 3.24041949e-08 3.66210529e-08
  5.94105565e-08 5.13389224e-08 6.60151045e-08 7.68913395e-08
  8.79606787e-08 6.14681994e-08 4.33495337e-08 4.74943285e-08
  4.31025242e-08 4.26859295e-08 8.65408296e-08 6.68498501e-08
  5.39018501e-08 4.83443188e-08 6.40305444e-08 5.22125774e-08
  7.30103338e-08 9.93583669e-08]
 [1.77354730e-06 1.17736727e-05 1.90425344e-05 1.74067651e-07
  2.22307176e-06 4.29095991e-04 6.00473868e-06 9.99294519e-01
  1.81626398e-04 1.70703188e-05 2.19713638e-06 1.94169825e-05
  8.23295159e-06 1.74039360e-06 1.57994441e-06 1.86544935e-09
  4.47201776e-10 2.28239884e-07 2.13839746e-09 2.29116246e-08
  2.44577762e-08 5.72143968e-08 7.23566842e-08 7.21095148e-08
  7.32251095e-08 7.67234383e-08 6.81518344e-08 7.38270103e-08
  1.37602626e-07 7.98073074e-08 8.01289843e-08 8.49884714e-08
  1.32837542e-07 1.06367679e-07 1.52065638e-07 1.55333339e-07
  1.89451526e-07 1.28867399e-07 9.51059818e-08 1.09111319e-07
  9.88926985e-08 9.86379973e-08 1.80905417e-07 1.52178941e-07
  1.16068236e-07 1.07049097e-07 1.34718306e-07 1.01054589e-07
  1.43887590e-07 1.89162122e-07]
 [3.92973379e-06 1.47591827e-05 1.66690279e-05 1.92934721e-07
  1.96883502e-06 3.92646005e-04 6.53118423e-06 9.99387622e-01
  1.28566302e-04 1.65193214e-05 1.48224387e-06 1.53181118e-05
  6.20754281e-06 1.14129386e-06 9.24626079e-07 1.49790125e-09
  4.68249550e-10 2.70666447e-07 3.64078390e-09 3.84443908e-08
  3.83481584e-08 1.02725451e-07 1.06857300e-07 1.19975965e-07
  1.25216303e-07 1.33678043e-07 1.05286354e-07 1.12458110e-07
  2.05601339e-07 1.33922541e-07 1.43940952e-07 1.40931704e-07
  2.19650829e-07 1.55630460e-07 2.59917101e-07 2.22061203e-07
  3.03560768e-07 1.94995167e-07 1.55533115e-07 1.90548974e-07
  1.64977351e-07 1.73536378e-07 2.70854144e-07 2.59442828e-07
  1.79336539e-07 1.74067281e-07 2.07526170e-07 1.36569128e-07
  2.05879175e-07 2.53390795e-07]
 [8.95681751e-06 1.57334125e-05 1.30790822e-05 2.00687410e-07
  1.71009731e-06 3.32424708e-04 7.07634354e-06 9.99495625e-01
  8.36901236e-05 1.57328141e-05 1.08920381e-06 1.18100406e-05
  4.25163853e-06 7.47013530e-07 5.28768112e-07 1.20388144e-09
  4.87938745e-10 3.36666545e-07 5.54090773e-09 5.43117018e-08
  4.92921295e-08 1.55674869e-07 1.29046214e-07 1.68454108e-07
  1.81126225e-07 2.00677434e-07 1.35478857e-07 1.42777651e-07
  2.55546581e-07 1.94324898e-07 2.20342201e-07 1.96677405e-07
  3.12080005e-07 1.89660852e-07 3.81369489e-07 2.63427779e-07
  4.17135141e-07 2.49289997e-07 2.20352092e-07 2.86841271e-07
  2.31284488e-07 2.65185406e-07 3.36956276e-07 3.80572715e-07
  2.32980241e-07 2.41404791e-07 2.73364947e-07 1.52969179e-07
  2.49087293e-07 2.82288113e-07]
 [2.33314204e-05 1.36136387e-05 9.05649631e-06 2.01313028e-07
  1.28443901e-06 2.48517201e-04 6.44128295e-06 9.99613702e-01
  4.73934415e-05 1.44623318e-05 7.90999934e-07 7.69768667e-06
  2.62036770e-06 4.11604702e-07 3.02599432e-07 9.73110370e-10
  4.69507488e-10 4.19959889e-07 7.61509344e-09 6.96518541e-08
  5.83594790e-08 2.15385796e-07 1.47265226e-07 2.27629243e-07
  2.59146361e-07 3.03853909e-07 1.73222901e-07 1.81154860e-07
  3.17992800e-07 2.93757779e-07 3.53121663e-07 2.85217936e-07
  4.66241119e-07 2.39277028e-07 5.78920435e-07 3.17631816e-07
  5.86710087e-07 3.27293805e-07 3.28964546e-07 4.28612623e-07
  3.18596562e-07 4.06682886e-07 4.08451029e-07 5.62692435e-07
  3.05423924e-07 3.41460151e-07 3.70040453e-07 1.73752014e-07
  3.07854918e-07 3.21110036e-07]
 [8.02719587e-05 9.01002659e-06 5.33855473e-06 2.11455458e-07
  6.82601637e-07 1.51112996e-04 3.97281610e-06 9.99692798e-01
  2.18250843e-05 1.32465102e-05 5.47829700e-07 3.51950166e-06
  1.49425409e-06 1.63186129e-07 1.61799207e-07 6.99552694e-10
  3.89994453e-10 5.00584974e-07 8.08319722e-09 7.56260548e-08
  6.20728215e-08 2.64266163e-07 1.63798745e-07 3.09775345e-07
  3.92197848e-07 5.00261365e-07 2.41347180e-07 2.54214001e-07
  4.35916519e-07 5.20414346e-07 6.83959570e-07 4.96294490e-07
  8.41292660e-07 3.64003824e-07 1.02648346e-06 4.40625314e-07
  9.56118242e-07 5.06500726e-07 5.99111502e-07 7.04479191e-07
  4.81448296e-07 6.96299026e-07 5.28724115e-07 9.36697575e-07
  4.59700942e-07 5.61531806e-07 5.91727485e-07 2.33678037e-07
  4.48415619e-07 4.28036259e-07]
 [5.23375289e-04 6.14501050e-06 2.93465155e-06 2.93173770e-07
  2.52002337e-07 8.43701055e-05 2.01155081e-06 9.99326229e-01
  8.59116153e-06 1.50210517e-05 5.65964797e-07 1.30372121e-06
  9.90710646e-07 6.74089335e-08 7.81635308e-08 4.79776163e-10
  3.55370927e-10 6.43245471e-07 5.93646066e-09 6.48249454e-08
  5.50478028e-08 2.83361430e-07 1.67793729e-07 4.16095446e-07
  6.15528961e-07 8.62957052e-07 3.60347570e-07 3.90612740e-07
  6.20355422e-07 1.04204230e-06 1.55264297e-06 1.00314162e-06
  1.74780553e-06 6.51316498e-07 2.00011164e-06 6.54950327e-07
  1.77323466e-06 9.12998019e-07 1.31345519e-06 1.29380498e-06
  8.12860890e-07 1.35208154e-06 6.99696955e-07 1.72850423e-06
  7.89719650e-07 1.06092602e-06 1.11557745e-06 3.79272052e-07
  7.65512368e-07 6.31766625e-07]
 [1.06947478e-02 6.16491070e-06 2.00774889e-06 7.30739316e-07
  1.08293555e-07 6.83009712e-05 1.62988658e-06 9.89128053e-01
  3.74060187e-06 2.92115583e-05 1.86194632e-06 6.46569902e-07
  1.17745697e-06 6.63715980e-08 5.18898950e-08 6.34810371e-10
  6.45651366e-10 1.37000950e-06 5.47615819e-09 6.92515698e-08
  6.09521393e-08 4.10714847e-07 2.14530459e-07 7.15785234e-07
  1.25609847e-06 1.85219676e-06 7.00114867e-07 7.93268327e-07
  1.04132823e-06 2.63116954e-06 4.31023363e-06 2.50166431e-06
  4.32927436e-06 1.46260868e-06 4.34488857e-06 1.07748542e-06
  3.99216606e-06 2.08226425e-06 3.68239853e-06 2.91923811e-06
  1.71841623e-06 3.22243613e-06 9.97086318e-07 3.67901112e-06
  1.65296933e-06 2.39154360e-06 2.57487272e-06 7.96016081e-07
  1.58449143e-06 1.03816114e-06]
 [2.33924940e-01 5.79915468e-06 2.26695465e-06 3.01747491e-06
  8.31077216e-08 7.54063149e-05 1.64103903e-06 7.65770018e-01
  2.45672982e-06 6.67671848e-05 1.06989901e-05 4.61252512e-07
  1.98403723e-06 1.22364597e-07 8.39963121e-08 1.39611944e-09
  1.87166305e-09 3.81702966e-06 7.43637862e-09 1.15134348e-07
  1.00051821e-07 9.09949335e-07 3.71162315e-07 1.52130258e-06
  2.97134238e-06 4.26626093e-06 1.51131883e-06 1.77988090e-06
  1.78322955e-06 6.91140440e-06 1.07280175e-05 5.99932946e-06
  1.00453190e-05 3.21679727e-06 8.11529571e-06 1.62717095e-06
  8.49864500e-06 4.81355892e-06 1.02415406e-05 6.27674081e-06
  3.67359644e-06 7.22897812e-06 1.28796182e-06 6.87665170e-06
  3.30113085e-06 4.84119528e-06 5.37490314e-06 1.60403829e-06
  2.92906702e-06 1.51122947e-06]]
27804446-Q12033819	[[3.39805754e-03 4.66662459e-03 3.19587620e-04 5.54465083e-03
  6.42708153e-04 2.15455587e-03 1.69517996e-03 1.54577103e-02
  1.10273540e-03 2.33873376e-03 4.67321603e-03 2.65306924e-02
  1.33919506e-03 6.28785789e-03 4.61449614e-03 1.12477459e-01
  1.52732968e-01 6.25995219e-01 2.19733790e-02 2.06693192e-04
  2.48271215e-04 7.87944809e-05 1.80655537e-04 1.23483725e-04
  1.79249153e-04 1.08795393e-04 1.80185627e-04 2.10119295e-04
  2.59143097e-04 3.08159244e-04 1.00677462e-04 1.40588309e-04
  1.07051899e-04 1.90954437e-04 1.22460508e-04 2.16089262e-04
  1.68893021e-04 2.92083801e-04 2.33262035e-04 1.36666946e-04
  1.36600356e-04 1.33016743e-04 3.34374694e-04 2.78306165e-04
  3.90832516e-04 2.13964697e-04 1.15614668e-04 2.06899887e-04
  1.62971803e-04 2.90030031e-04]
 [1.21093285e-03 1.88805431e-03 1.34328576e-02 1.22951856e-03
  2.92955409e-03 2.03090766e-03 1.65763358e-03 1.69935811e-03
  2.70162448e-02 7.04487180e-03 2.46455446e-02 7.02663325e-03
  3.84539217e-02 6.31927624e-02 4.46023084e-02 2.15387112e-03
  6.48281956e-03 2.58547883e-03 1.66478756e-04 1.58869699e-02
  2.35730056e-02 2.69341227e-02 1.42115345e-02 2.28575338e-02
  4.33678143e-02 1.94114540e-02 2.87784301e-02 3.61052155e-02
  2.36369781e-02 1.50420414e-02 2.82126982e-02 4.66979817e-02
  2.01390758e-02 2.73093842e-02 1.66956149e-02 1.56001719e-02
  2.78011914e-02 1.84029173e-02 1.14193475e-02 1.35223223e-02
  3.02677192e-02 3.49700451e-02 1.33009832e-02 2.32621767e-02
  1.68045424e-02 2.59730984e-02 2.29740310e-02 3.96511219e-02
  2.74948142e-02 2.02459265e-02]
 [4.12319878e-07 6.66255403e-07 1.04322453e-06 9.23469479e-09
  6.74566877e-07 3.19578334e-07 5.30917177e-09 2.21557510e-08
  3.14774570e-06 1.32706262e-07 5.82283022e-08 7.93957895e-08
  4.13220533e-07 2.03460715e-07 9.62649835e-08 9.02957353e-08
  2.52578104e-07 5.63245339e-06 2.67090334e-04 8.27704743e-03
  2.36638859e-01 5.22232018e-02 6.94047958e-02 3.88652124e-02
  1.05364770e-01 4.14227508e-02 8.63635093e-02 9.18620974e-02
  3.10212951e-02 2.05175541e-02 1.34272445e-02 2.03083027e-02
  1.02533922e-02 1.95946582e-02 4.18395828e-03 1.99574661e-02
  7.20397383e-03 1.47753581e-02 4.93392907e-03 3.33426194e-03
  8.32868274e-03 1.71092674e-02 9.30732395e-03 6.07392890e-03
  1.34279039e-02 8.36544298e-03 8.24997760e-03 1.52961351e-02
  4.62452928e-03 9.00279451e-03]
 [3.44832030e-09 1.76370811e-08 8.48944381e-09 2.05259948e-10
  7.91751464e-09 5.20310994e-09 1.26049532e-10 2.71947176e-09
  1.42522874e-08 1.76342130e-09 4.75241846e-09 1.14309817e-09
  1.42749101e-08 6.30812025e-09 1.09141261e-07 4.34465086e-09
  1.58260761e-07 1.36634594e-06 2.27240762e-05 6.41671522e-03
  8.16496313e-02 2.05816310e-02 3.34345624e-02 3.33354510e-02
  7.48340711e-02 4.62278277e-02 6.28851354e-02 6.34244233e-02
  3.74639742e-02 1.86034609e-02 2.71773264e-02 4.95257415e-02
  3.03558353e-02 3.41122486e-02 1.03715258e-02 3.37069854e-02
  1.88105833e-02 2.35287324e-02 8.10612552e-03 1.49467103e-02
  3.39570045e-02 6.48298636e-02 2.72828899e-02 2.28507966e-02
  2.39194110e-02 2.81063542e-02 1.72648393e-02 2.20023431e-02
  1.20598366e-02 1.82034988e-02]
 [7.47976614e-09 6.67324542e-08 1.51324997e-08 1.07481812e-09
  2.41435743e-08 8.83931150e-09 1.78168272e-10 7.41394590e-09
  2.27464891e-08 1.78361470e-09 1.06566338e-08 5.20107335e-09
  4.41604904e-08 3.49143754e-08 2.49412949e-07 1.52358925e-08
  8.99468262e-07 6.67498989e-06 8.17887485e-06 5.49729913e-03
  4.27083112e-02 1.49540715e-02 1.40071483e-02 3.13357972e-02
  5.89534007e-02 5.47683649e-02 4.48080413e-02 3.86362672e-02
  1.99361108e-02 1.83880515e-02 5.80655187e-02 5.81985451e-02
  4.33262289e-02 2.95962598e-02 1.45935155e-02 2.00195871e-02
  2.27304343e-02 1.95172578e-02 1.08450567e-02 4.18017097e-02
  4.95376661e-02 1.09882206e-01 2.07382347e-02 2.99839117e-02
  1.90571398e-02 4.08784337e-02 2.33785640e-02 1.83265861e-02
  1.39349662e-02 1.15791634e-02]
 [3.29004357e-09 3.81492526e-08 5.98143268e-09 8.35320979e-10
  1.14427126e-08 4.55087656e-09 5.14523979e-11 2.42078158e-09
  6.54646648e-09 1.26307720e-09 7.29962846e-09 3.32017014e-09
  3.82258811e-08 2.50921044e-08 2.10861401e-07 2.04705000e-08
  1.53472911e-06 6.94642631e-06 2.63030211e-06 3.91596602e-03
  2.96278708e-02 1.18658263e-02 1.08427014e-02 2.83442307e-02
  4.84122038e-02 4.64959517e-02 3.60506997e-02 2.93751247e-02
  1.43485833e-02 1.67627838e-02 7.12219253e-02 5.88421784e-02
  4.22979966e-02 2.83172522e-02 1.41624343e-02 1.76205784e-02
  2.28252839e-02 1.97937004e-02 1.24126440e-02 5.99733517e-02
  5.77257238e-02 1.22976102e-01 2.03511044e-02 3.10061984e-02
  2.02820022e-02 4.85941991e-02 2.60881595e-02 2.05229111e-02
  1.68207791e-02 1.21119535e-02]
 [2.28623209e-09 3.43328708e-08 5.07912112e-09 8.08857537e-10
  7.63371499e-09 3.14332671e-09 2.67884517e-11 1.46991308e-09
  5.37625677e-09 1.22574084e-09 6.40318332e-09 4.31972147e-09
  5.12419582e-08 3.71957540e-08 2.27594938e-07 3.81458705e-08
  2.05464471e-06 8.47396677e-06 1.81120049e-06 3.29060899e-03
  2.45572813e-02 1.02544697e-02 8.44413880e-03 2.59399116e-02
  4.08120453e-02 4.20507751e-02 3.20540071e-02 2.58762743e-02
  1.20147215e-02 1.53465662e-02 7.98267797e-02 5.84593080e-02
  4.24589254e-02 2.81262938e-02 1.50381746e-02 1.56018715e-02
  2.38127224e-02 1.83590204e-02 1.24271391e-02 7.15236962e-02
  6.15162551e-02 1.31082132e-01 1.86594669e-02 3.32070254e-02
  1.89991314e-02 5.21752909e-02 2.73762085e-02 2.12903172e-02
  1.80973392e-02 1.13092894e-02]
 [1.90110039e-09 3.05593204e-08 3.69857212e-09 8.00649214e-10
  5.07361486e-09 2.85298629e-09 1.78465680e-11 9.87422255e-10
  3.05428727e-09 1.20794974e-09 5.33943068e-09 3.72751607e-09
  4.71764068e-08 3.06198835e-08 2.07067671e-07 4.50216646e-08
  2.25486406e-06 8.15411295e-06 1.35232813e-06 2.66457791e-03
  2.00669896e-02 9.36297234e-03 7.43157370e-03 2.43506990e-02
  3.66725884e-02 3.95150036e-02 2.92582177e-02 2.36782935e-02
  1.07654119e-02 1.49076926e-02 8.29188749e-02 5.71870729e-02
  4.23753224e-02 2.74873227e-02 1.53025072e-02 1.47624044e-02
  2.44181249e-02 1.80855263e-02 1.27859907e-02 7.93426856e-02
  6.33133054e-02 1.36649892e-01 1.80093292e-02 3.47361937e-02
  1.90181788e-02 5.46152219e-02 2.84328982e-02 2.16633826e-02
  1.89616028e-02 1.12479599e-02]
 [2.26044294e-09 3.83489116e-08 3.89360855e-09 9.59610502e-10
  4.94714003e-09 3.31723782e-09 1.70894410e-11 9.11804576e-10
  2.80288326e-09 1.36924572e-09 5.34935873e-09 4.43671189e-09
  5.13561673e-08 3.70898974e-08 1.99048984e-07 6.32747401e-08
  3.01169462e-06 1.12290027e-05 1.42477859e-06 2.51313718e-03
  1.92934312e-02 9.41139087e-03 7.13761710e-03 2.39185262e-02
  3.48816402e-02 3.84944789e-02 2.82376688e-02 2.29397304e-02
  1.02639943e-02 1.48173114e-02 8.37096274e-02 5.59543297e-02
  4.20028865e-02 2.70578489e-02 1.53668886e-02 1.41593479e-02
  2.46154554e-02 1.77806206e-02 1.28924428e-02 8.30822438e-02
  6.36597052e-02 1.38821125e-01 1.75599102e-02 3.58824916e-02
  1.90354232e-02 5.57445325e-02 2.87964903e-02 2.16817521e-02
  1.91679783e-02 1.11038676e-02]
 [2.06957740e-09 3.50015412e-08 3.46633278e-09 9.85398096e-10
  4.43612080e-09 3.34150974e-09 1.49705300e-11 7.66251340e-10
  2.06713535e-09 1.31075473e-09 4.61238692e-09 3.97622513e-09
  4.33878213e-08 3.13073620e-08 1.66724774e-07 6.55839756e-08
  3.09446591e-06 1.16100309e-05 1.36113988e-06 2.34755338e-03
  1.80023797e-02 9.17761493e-03 6.95319939e-03 2.34037004e-02
  3.35699208e-02 3.77407260e-02 2.74389554e-02 2.23078821e-02
  9.90057271e-03 1.46539453e-02 8.34907293e-02 5.50307296e-02
  4.19588611e-02 2.68684514e-02 1.53655615e-02 1.39591834e-02
  2.47726627e-02 1.77390836e-02 1.30376229e-02 8.58230218e-02
  6.40765876e-02 1.41584292e-01 1.76746342e-02 3.64299566e-02
  1.91069264e-02 5.64194359e-02 2.89449189e-02 2.17401795e-02
  1.92846917e-02 1.11795636e-02]
 [2.19830643e-09 3.83461476e-08 3.50352258e-09 1.07281062e-09
  4.52731852e-09 3.64150265e-09 1.49756145e-11 7.41706641e-10
  1.89426697e-09 1.36346590e-09 4.47299486e-09 4.17960866e-09
  4.17354471e-08 3.21751443e-08 1.49564471e-07 7.42220365e-08
  3.52546431e-06 1.35452592e-05 1.42217550e-06 2.26777815e-03
  1.74023490e-02 9.10256989e-03 6.87021669e-03 2.30796747e-02
  3.27568650e-02 3.73803042e-02 2.70456839e-02 2.20315810e-02
  9.71143134e-03 1.46031445e-02 8.28229189e-02 5.42450249e-02
  4.19371016e-02 2.68247984e-02 1.53909344e-02 1.38784908e-02
  2.49045324e-02 1.77432951e-02 1.31385382e-02 8.73517618e-02
  6.41674399e-02 1.43341810e-01 1.78641174e-02 3.69198918e-02
  1.92094892e-02 5.67113310e-02 2.89586708e-02 2.17642039e-02
  1.92926470e-02 1.12625146e-02]
 [2.11931916e-09 3.71998787e-08 3.36690231e-09 1.09944853e-09
  4.45918769e-09 3.64205222e-09 1.42197669e-11 6.84258705e-10
  1.61969960e-09 1.32596545e-09 4.10520773e-09 3.98945899e-09
  3.72333133e-08 2.90797182e-08 1.30776343e-07 7.52375371e-08
  3.54555050e-06 1.37127481e-05 1.42759495e-06 2.19988846e-03
  1.67721082e-02 8.95862095e-03 6.80116285e-03 2.27177460e-02
  3.20484303e-02 3.71393375e-02 2.67282911e-02 2.18323208e-02
  9.54779144e-03 1.45595251e-02 8.21732655e-02 5.35926670e-02
  4.20797318e-02 2.68932972e-02 1.54587580e-02 1.38797509e-02
  2.50365138e-02 1.77904870e-02 1.32562369e-02 8.85628164e-02
  6.41608387e-02 1.45064428e-01 1.81210823e-02 3.72232199e-02
  1.92738678e-02 5.67948520e-02 2.89058369e-02 2.17970796e-02
  1.92619413e-02 1.13490839e-02]
 [2.18691665e-09 3.95407938e-08 3.41104744e-09 1.16829713e-09
  4.62443417e-09 3.79906906e-09 1.44970858e-11 6.83205548e-10
  1.53962754e-09 1.36656564e-09 4.05471523e-09 4.15966728e-09
  3.61140629e-08 2.91106552e-08 1.20356574e-07 7.99691193e-08
  3.71626447e-06 1.43856305e-05 1.48714730e-06 2.15897080e-03
  1.64259225e-02 8.87279864e-03 6.76123146e-03 2.24218331e-02
  3.14481668e-02 3.69590148e-02 2.66022589e-02 2.18329430e-02
  9.45581961e-03 1.45742074e-02 8.15819204e-02 5.29953204e-02
  4.21675220e-02 2.70610638e-02 1.55483624e-02 1.38910385e-02
  2.51341313e-02 1.78486891e-02 1.33670308e-02 8.92991796e-02
  6.40256256e-02 1.46119237e-01 1.83651708e-02 3.75474803e-02
  1.93751063e-02 5.67977987e-02 2.88369581e-02 2.18893718e-02
  1.92055255e-02 1.14103677e-02]
 [2.22944618e-09 4.08107468e-08 3.47594353e-09 1.23763777e-09
  4.81110973e-09 3.89542709e-09 1.47459024e-11 6.77682077e-10
  1.45027457e-09 1.39885292e-09 4.00802724e-09 4.26259428e-09
  3.47975941e-08 2.84519359e-08 1.12529591e-07 8.31444211e-08
  3.79186440e-06 1.44042615e-05 1.52174073e-06 2.12748372e-03
  1.61192138e-02 8.78581963e-03 6.73799496e-03 2.21542735e-02
  3.09256278e-02 3.68274674e-02 2.65235156e-02 2.18829643e-02
  9.37969889e-03 1.45958802e-02 8.10985491e-02 5.24796396e-02
  4.22968343e-02 2.72775088e-02 1.56515092e-02 1.39206797e-02
  2.52253469e-02 1.79128256e-02 1.34776942e-02 8.99448693e-02
  6.38216883e-02 1.47003725e-01 1.86022650e-02 3.77812870e-02
  1.94495395e-02 5.67112043e-02 2.87077222e-02 2.19732523e-02
  1.91342570e-02 1.14496052e-02]
 [2.30297781e-09 4.35299903e-08 3.58129237e-09 1.32050282e-09
  5.07559772e-09 4.05859257e-09 1.54798587e-11 6.97455871e-10
  1.42798906e-09 1.46941737e-09 4.06182199e-09 4.52067139e-09
  3.45648914e-08 2.86651378e-08 1.06986846e-07 8.75750672e-08
  3.88281933e-06 1.44893802e-05 1.58974001e-06 2.10465514e-03
  1.59370527e-02 8.71828012e-03 6.72721211e-03 2.19022483e-02
  3.04470863e-02 3.66830565e-02 2.65460424e-02 2.20384095e-02
  9.34306532e-03 1.46409962e-02 8.06198344e-02 5.19778468e-02
  4.23481613e-02 2.75432188e-02 1.57494266e-02 1.39521807e-02
  2.52862629e-02 1.79842841e-02 1.35838874e-02 9.03572142e-02
  6.35937080e-02 1.47492141e-01 1.88418683e-02 3.80417369e-02
  1.95661169e-02 5.66527024e-02 2.86002643e-02 2.21292861e-02
  1.90801956e-02 1.14912288e-02]
 [2.41500042e-09 4.64042813e-08 3.75125708e-09 1.42151824e-09
  5.41738965e-09 4.22838076e-09 1.63583123e-11 7.17747473e-10
  1.41341816e-09 1.55009650e-09 4.16370716e-09 4.81033746e-09
  3.47015821e-08 2.91979259e-08 1.03938532e-07 9.26490671e-08
  4.01184843e-06 1.45039467e-05 1.64487733e-06 2.08576280e-03
  1.57759357e-02 8.66273046e-03 6.72619604e-03 2.16881502e-02
  3.00188959e-02 3.65615003e-02 2.65708026e-02 2.21993048e-02
  9.30957962e-03 1.46849966e-02 8.02257806e-02 5.15421815e-02
  4.24257964e-02 2.78211012e-02 1.58554930e-02 1.39906015e-02
  2.53509153e-02 1.80528387e-02 1.36854341e-02 9.07418802e-02
  6.33282959e-02 1.47872344e-01 1.90598164e-02 3.82629000e-02
  1.96617860e-02 5.65487109e-02 2.84627210e-02 2.22640242e-02
  1.90247949e-02 1.15182372e-02]
 [2.51408094e-09 4.97928845e-08 3.89202093e-09 1.52126489e-09
  5.75778536e-09 4.41455494e-09 1.75051605e-11 7.51145535e-10
  1.42186929e-09 1.65233205e-09 4.29500480e-09 5.16880183e-09
  3.51210119e-08 2.97638092e-08 1.01157632e-07 9.80722632e-08
  4.10207031e-06 1.44183450e-05 1.72241664e-06 2.07087188e-03
  1.56762041e-02 8.61469191e-03 6.73278421e-03 2.14764103e-02
  2.96259448e-02 3.64278853e-02 2.66507789e-02 2.24122927e-02
  9.29851457e-03 1.47380009e-02 7.97997862e-02 5.11051230e-02
  4.24396358e-02 2.81144660e-02 1.59474295e-02 1.40308812e-02
  2.53920220e-02 1.81259234e-02 1.37822842e-02 9.09901932e-02
  6.30683750e-02 1.48036733e-01 1.92868989e-02 3.85002047e-02
  1.97892245e-02 5.64879403e-02 2.83554886e-02 2.24521607e-02
  1.89923812e-02 1.15578603e-02]
 [2.65518629e-09 5.34172209e-08 4.09101242e-09 1.63525748e-09
  6.16683149e-09 4.59524685e-09 1.87148248e-11 7.80473686e-10
  1.43098910e-09 1.75760051e-09 4.45085124e-09 5.56237012e-09
  3.57758232e-08 3.07397947e-08 9.97317144e-08 1.04270434e-07
  4.24970449e-06 1.43874813e-05 1.78792573e-06 2.05773232e-03
  1.55786555e-02 8.57635867e-03 6.74185716e-03 2.12973077e-02
  2.92685516e-02 3.63124907e-02 2.67091375e-02 2.26055235e-02
  9.28142108e-03 1.47845848e-02 7.94503540e-02 5.07218614e-02
  4.24809419e-02 2.83973143e-02 1.60465948e-02 1.40701365e-02
  2.54380312e-02 1.81897469e-02 1.38741573e-02 9.12486017e-02
  6.27941415e-02 1.48188174e-01 1.94885917e-02 3.87132168e-02
  1.98917128e-02 5.63932955e-02 2.82334574e-02 2.26074532e-02
  1.89552903e-02 1.15825348e-02]
 [2.76730017e-09 5.71448808e-08 4.23008872e-09 1.74178261e-09
  6.53619958e-09 4.77540496e-09 2.01304615e-11 8.18949020e-10
  1.44881629e-09 1.88016491e-09 4.61753880e-09 5.99492278e-09
  3.64947468e-08 3.15146700e-08 9.81143202e-08 1.10670740e-07
  4.34381036e-06 1.42301506e-05 1.87339310e-06 2.04755552e-03
  1.55238695e-02 8.54400545e-03 6.75750431e-03 2.11189128e-02
  2.89416052e-02 3.61876711e-02 2.68060528e-02 2.28309408e-02
  9.28005669e-03 1.48358475e-02 7.90622905e-02 5.03290072e-02
  4.24658284e-02 2.86807604e-02 1.61293503e-02 1.41092306e-02
  2.54625548e-02 1.82562880e-02 1.39620248e-02 9.14118960e-02
  6.25334829e-02 1.48197547e-01 1.96998585e-02 3.89374606e-02
  2.00202409e-02 5.63418679e-02 2.81426311e-02 2.28048284e-02
  1.89377796e-02 1.16202123e-02]
 [2.91659741e-09 6.09759496e-08 4.41805170e-09 1.85714366e-09
  6.95952540e-09 4.93475971e-09 2.15207175e-11 8.49189496e-10
  1.46088974e-09 1.99736316e-09 4.78673012e-09 6.44865006e-09
  3.72772639e-08 3.26222356e-08 9.71414522e-08 1.17615848e-07
  4.49530899e-06 1.41448672e-05 1.94519862e-06 2.03808723e-03
  1.54595030e-02 8.51771329e-03 6.77206693e-03 2.09674574e-02
  2.86437441e-02 3.60795483e-02 2.68701389e-02 2.30238307e-02
  9.26821213e-03 1.48777338e-02 7.87431151e-02 4.99832146e-02
  4.24804427e-02 2.89432146e-02 1.62186176e-02 1.41449571e-02
  2.54924353e-02 1.83118396e-02 1.40454974e-02 9.16051045e-02
  6.22701682e-02 1.48250967e-01 1.98868811e-02 3.91405113e-02
  2.01216359e-02 5.62605150e-02 2.80419197e-02 2.29634289e-02
  1.89131666e-02 1.16434274e-02]]
