44520173-Q7203795	[[1.04910927e-03 1.75700779e-03 4.59770299e-03 5.30451536e-02
  2.11108357e-01 2.21083872e-04 8.40548950e-04 7.11649358e-02
  4.53702523e-04 1.79098605e-03 1.85401455e-01 3.34935635e-01
  1.13660280e-04 3.42855044e-02 9.13786665e-02 7.16123916e-03
  2.89669406e-05 3.77072356e-05 2.38388093e-05 9.08446236e-06
  3.42338280e-05 1.71870779e-05 1.05671952e-05 2.82492801e-05
  1.52774974e-05 5.67862844e-05 2.55978048e-05 2.57172396e-05
  1.24986072e-05 2.01952244e-05 1.63410732e-05 2.89881682e-05
  2.24157284e-05 1.01035985e-05 1.88548493e-05 8.53734309e-06
  1.40674729e-05 2.31191625e-05 2.00864306e-05 1.55473681e-05
  4.38537681e-05 1.92689095e-05 1.38578462e-05 9.12433279e-06
  6.99806424e-06 1.00074722e-05 2.44562489e-05 5.63638559e-06
  1.84209930e-05 1.96655092e-05]
 [2.29890247e-06 5.85690374e-04 1.24717387e-03 2.71410793e-02
  2.14230120e-01 3.75579839e-05 5.63273625e-03 3.47649246e-01
  1.07312389e-03 4.87151119e-04 2.49380350e-01 4.14959826e-02
  3.16279875e-05 8.31312239e-02 2.61604059e-02 6.11780328e-04
  7.89846308e-05 4.10511566e-05 7.58023889e-05 4.24249229e-05
  5.33053717e-05 1.08242029e-05 3.15276775e-05 2.44117527e-05
  7.17206694e-06 8.57137366e-06 2.36748983e-05 1.76373360e-05
  9.99120675e-06 1.04105447e-05 1.76159701e-05 1.71414140e-05
  2.59472690e-05 4.93421649e-05 2.77457330e-05 2.46727395e-05
  2.29604448e-05 1.98785674e-05 6.40806247e-05 1.61536900e-05
  3.75901291e-05 1.17358077e-05 2.06736731e-05 3.10242067e-05
  1.59762749e-05 1.29170978e-04 4.72896209e-05 4.06196268e-05
  2.78117495e-05 1.92337047e-05]
 [6.33155750e-08 5.85772250e-06 9.81334779e-06 2.16046574e-05
  8.58030096e-03 1.28196075e-06 2.42217429e-05 8.60960106e-04
  1.49002080e-04 2.15194868e-05 4.92518581e-02 8.29878509e-01
  7.53781205e-05 1.13372912e-03 2.62859855e-02 2.06461120e-02
  1.88124599e-03 4.14064247e-03 3.98850860e-03 1.35530208e-04
  6.73585397e-04 5.79407322e-04 1.94843172e-03 1.03902374e-03
  1.36307499e-03 1.65858204e-04 1.64350797e-03 8.15317500e-04
  9.35046119e-04 4.18298907e-04 4.15797607e-04 8.31253128e-04
  8.03621602e-04 3.41548957e-03 1.50137069e-03 1.42548128e-03
  8.66871909e-04 1.10944465e-03 3.33500165e-03 4.49514133e-04
  6.56274427e-03 1.92194688e-03 3.33848014e-03 6.39000256e-03
  5.43573522e-04 9.86280153e-04 3.59039172e-03 3.16143618e-03
  1.53508200e-03 1.14238134e-03]
 [4.10240176e-07 3.80344311e-04 3.95279239e-05 2.09276006e-01
  1.18529852e-02 6.75995179e-05 8.36550146e-02 6.21794574e-02
  9.73427761e-03 6.84486330e-02 2.35573754e-01 1.73086286e-01
  8.51046015e-03 1.38743781e-02 2.61203628e-02 7.21187741e-02
  2.15891446e-03 4.99275327e-03 1.72847195e-03 2.83795828e-03
  2.78741936e-03 1.22752594e-04 1.19012152e-03 1.14380564e-04
  3.17675032e-04 1.42383069e-05 7.17567382e-05 9.58016462e-05
  5.25038595e-05 2.27558103e-05 3.55808515e-05 5.25039613e-05
  6.96200223e-05 6.90015615e-04 8.10890269e-05 2.86468392e-04
  1.75683934e-04 6.38131824e-05 9.68868553e-04 5.37319902e-05
  1.60937692e-04 4.89734113e-04 4.79960290e-04 6.83993625e-04
  8.33670565e-05 3.70210200e-03 1.10651992e-04 2.77881976e-04
  5.61197303e-05 5.21422407e-05]
 [1.55969548e-08 2.72233456e-06 5.74118758e-07 1.32653677e-05
  3.73045239e-03 1.18084290e-06 2.03386005e-02 6.90974761e-03
  1.65092679e-05 4.30846370e-07 3.69733647e-02 6.02378929e-03
  8.25328869e-04 8.53613198e-01 7.09414482e-02 3.27153888e-04
  1.46894803e-04 1.17530079e-04 1.14170343e-05 1.88572574e-06
  3.38815994e-07 3.62412536e-08 2.85690959e-07 2.10089127e-07
  3.14077120e-08 2.43070963e-09 1.24311057e-07 9.10194942e-08
  2.58496613e-07 6.33503987e-08 3.97841049e-08 4.76751332e-08
  3.83192997e-08 1.48330187e-07 3.40831932e-08 1.13019411e-07
  4.61980179e-08 2.25175203e-08 2.02639313e-07 7.88054777e-09
  2.93405151e-07 2.04915580e-07 4.96838425e-07 6.86435840e-07
  1.89083824e-08 2.21025672e-07 1.49173971e-07 1.32785686e-07
  3.46396725e-08 2.08509370e-08]
 [2.82603651e-07 2.07178760e-04 4.64587310e-06 1.37436189e-04
  4.87818252e-05 1.21899167e-04 2.25137523e-03 5.51590979e-01
  3.19900140e-02 9.56659317e-02 1.49214476e-01 8.40809122e-02
  1.38280622e-03 3.26339505e-03 5.72201274e-02 1.72458757e-02
  2.31150305e-04 2.06888444e-03 1.82270294e-03 3.70815193e-04
  2.66843534e-04 2.19556314e-05 9.32460898e-05 2.95675327e-05
  2.51676329e-06 4.05468626e-07 1.04728615e-05 3.26155459e-05
  1.26806035e-05 6.16523903e-06 1.40899547e-05 1.17470381e-05
  2.32578514e-05 7.95872620e-05 1.68400693e-05 1.44824762e-05
  2.08874899e-05 9.86495161e-06 4.29072570e-05 7.82705138e-06
  1.98824764e-05 3.11201293e-05 5.39102184e-05 5.58939792e-05
  8.79378058e-06 1.39579715e-04 1.73002081e-05 1.53745968e-05
  1.11863683e-05 9.41530379e-06]
 [2.75188950e-06 9.97788273e-04 4.97393450e-03 1.79439841e-03
  1.40613383e-02 3.19033675e-02 2.37061858e-01 2.18688194e-02
  7.90613219e-02 1.73763465e-02 6.88951928e-03 1.09906077e-01
  1.03339389e-01 4.55188472e-03 3.51453692e-01 4.47132718e-03
  1.09817495e-03 1.71169627e-03 2.98039988e-03 6.49840978e-04
  1.55782778e-04 4.32581619e-05 6.31069779e-05 8.84012043e-05
  7.94466723e-06 6.66454480e-06 2.26014072e-05 1.31722802e-04
  5.44863506e-05 7.19680902e-05 8.10714700e-05 7.70790139e-05
  9.26606372e-05 3.40039114e-04 1.78037648e-04 8.17361579e-05
  2.37117129e-04 2.01344272e-04 1.47988816e-04 7.83757569e-05
  1.16520001e-04 1.19683835e-04 1.71238207e-04 1.44238700e-04
  6.45083346e-05 2.75982689e-04 1.95224580e-04 1.59815201e-04
  2.34752093e-04 2.02677998e-04]
 [5.80327253e-08 1.71922694e-03 3.49943111e-05 7.56139889e-06
  6.86927757e-04 5.94879157e-06 1.31560047e-03 6.41324732e-04
  1.14260754e-03 3.92573420e-05 3.86407226e-01 3.23840886e-01
  1.23237677e-01 3.17664887e-03 1.38014913e-01 6.23714644e-04
  2.91229365e-03 1.37673123e-02 1.97268673e-03 1.31250941e-04
  2.13421372e-05 1.29450063e-05 1.74647885e-05 7.65182904e-06
  1.53112269e-05 6.43189560e-06 7.65413461e-06 2.30742057e-06
  4.34543153e-06 1.19684182e-05 2.81852863e-06 1.60322616e-05
  4.72600732e-06 8.30909921e-05 1.01406522e-05 3.59415685e-06
  1.61499838e-06 2.10771373e-06 3.89431625e-06 1.99207489e-06
  8.01230544e-06 5.00314900e-06 2.03691015e-05 1.11547497e-05
  2.52230916e-06 3.68494875e-06 5.64291213e-06 1.19284441e-05
  5.69432314e-06 1.04347000e-05]
 [4.17667115e-06 1.98016386e-03 7.85803786e-05 3.75775671e-05
  1.55066045e-05 1.47180640e-06 3.50015180e-04 6.39991893e-04
  3.32851814e-05 9.28228945e-02 7.93278515e-01 2.53300071e-02
  8.04879516e-02 3.84960556e-03 4.53458779e-04 2.27463359e-04
  3.26648042e-05 2.07642326e-04 3.58157558e-05 7.28959130e-05
  5.35203299e-06 1.22361735e-06 3.40522161e-06 2.33341871e-06
  4.05803257e-06 1.34976460e-06 1.09536745e-06 1.04581716e-06
  4.26828052e-07 1.09612199e-06 9.26187568e-07 2.20495099e-06
  1.74343336e-06 8.63468449e-06 2.50655830e-06 1.10357951e-06
  8.51546531e-07 8.06672574e-07 1.74138108e-06 3.92459754e-07
  8.32971466e-07 1.87826208e-06 5.53630434e-06 1.03498826e-06
  4.00198843e-07 3.86508827e-06 1.49616631e-06 9.80954383e-07
  7.75194053e-07 1.22050778e-06]
 [2.12735357e-03 4.93250461e-03 2.05998844e-03 1.82021031e-04
  1.63101813e-05 4.19392563e-06 2.40545167e-04 1.26570681e-04
  1.80931638e-05 3.83839644e-02 5.93206823e-01 1.10176271e-02
  3.36598009e-01 7.30270799e-03 1.36552297e-03 1.14904100e-03
  7.57034577e-05 2.18159155e-04 4.06561558e-05 1.31494002e-04
  7.05254024e-06 3.69086251e-06 9.54073948e-06 1.19531951e-05
  3.35031109e-05 3.32170057e-05 1.63027489e-05 1.76367066e-05
  7.63970638e-06 2.44374787e-05 1.59179745e-05 3.32503114e-05
  1.87256846e-05 7.05213242e-05 3.09978423e-05 1.24238095e-05
  1.13935557e-05 1.32576060e-05 2.30226615e-05 1.26779487e-05
  2.91030101e-05 5.51746380e-05 1.35715687e-04 2.06550812e-05
  1.04738874e-05 7.52517808e-05 2.98644572e-05 1.25115830e-05
  9.83370592e-06 1.69705199e-05]
 [4.49659117e-03 1.17113367e-02 5.03839599e-03 5.41712390e-04
  2.79514188e-05 6.35138349e-06 5.84427558e-04 4.06384119e-04
  6.03514673e-05 2.39758496e-03 9.28878605e-01 1.16359564e-02
  1.89355053e-02 1.37234190e-02 7.75693799e-04 2.80375330e-04
  3.19544488e-05 6.92413450e-05 2.28130011e-05 6.86063213e-05
  4.13122962e-06 1.72595730e-06 5.10118298e-06 6.03315175e-06
  1.21538978e-05 1.01496362e-05 4.00653516e-06 4.72907141e-06
  2.21764458e-06 7.67484744e-06 5.48316666e-06 1.18499338e-05
  7.44413092e-06 2.66352345e-05 9.78130993e-06 4.42545934e-06
  4.43070849e-06 4.42752344e-06 8.19088837e-06 5.46719912e-06
  1.27414032e-05 2.43944760e-05 5.10762111e-05 8.59079864e-06
  4.35950460e-06 3.01413475e-05 1.34057764e-05 6.49589083e-06
  3.94237759e-06 5.44773457e-06]
 [9.37652588e-03 5.01173967e-03 2.62308517e-03 1.08478860e-04
  1.63352743e-05 1.36830913e-05 1.48557519e-04 4.99492926e-05
  1.47545739e-04 6.31690491e-04 9.36826348e-01 1.28437085e-02
  1.81533843e-02 1.04536545e-02 2.46643415e-03 1.27621650e-04
  4.08990491e-05 1.61224147e-04 6.45433392e-05 5.68675678e-05
  5.04371292e-06 5.19887226e-06 1.42423496e-05 1.49004691e-05
  3.01346718e-05 2.71871231e-05 1.28073325e-05 1.38940095e-05
  6.39735163e-06 2.29579127e-05 1.43460356e-05 3.71752030e-05
  2.04362186e-05 7.85369048e-05 2.82408164e-05 9.91951038e-06
  1.20354380e-05 1.12803982e-05 8.64996309e-06 1.15291432e-05
  2.97211409e-05 5.65710397e-05 9.35460266e-05 1.77885286e-05
  8.62297202e-06 2.53265425e-05 2.98137438e-05 1.27532649e-05
  8.15994008e-06 1.06243369e-05]
 [5.95595688e-04 1.18771964e-03 1.30972840e-04 1.80655043e-05
  5.36165680e-06 5.32791410e-06 3.17712074e-05 1.41986811e-05
  7.98593974e-05 3.64961219e-04 9.72717404e-01 9.61755402e-03
  8.10685568e-03 5.23305405e-03 1.46417413e-03 1.67215367e-05
  3.01230921e-05 1.33784357e-04 5.82043758e-05 2.76272403e-05
  2.57435977e-06 4.14135002e-06 1.05882964e-05 7.71174837e-06
  9.53163362e-06 7.61000047e-06 3.85429894e-06 3.28215674e-06
  1.46226307e-06 5.21875745e-06 3.07312939e-06 9.11717325e-06
  4.81789220e-06 2.17758898e-05 8.38647065e-06 2.87326498e-06
  3.43605120e-06 3.20186041e-06 1.33444894e-06 1.47546143e-06
  4.16372905e-06 8.72118926e-06 1.28464399e-05 2.88228057e-06
  1.16596232e-06 2.36190817e-06 5.24001234e-06 2.50194375e-06
  2.22710469e-06 3.05532399e-06]
 [1.42774879e-04 5.70619595e-04 9.85014049e-06 9.86027317e-06
  3.25207839e-06 4.65082053e-07 4.98889631e-06 3.10676160e-06
  2.71748036e-06 8.89268995e-05 9.88943577e-01 3.12046078e-03
  2.36303662e-03 3.85863148e-03 5.13054954e-04 4.91762921e-06
  2.47125063e-05 1.09086926e-04 4.40398944e-05 2.13669136e-05
  2.77842628e-06 5.84073723e-06 1.53499495e-05 9.51320089e-06
  9.07921458e-06 6.57921646e-06 4.60616639e-06 3.73430180e-06
  1.62024446e-06 5.40706105e-06 2.98311397e-06 8.75884143e-06
  4.35802031e-06 2.03371837e-05 8.41324345e-06 3.28101873e-06
  3.80606275e-06 3.58262264e-06 1.20019763e-06 1.14699844e-06
  3.19162973e-06 7.31173577e-06 9.64844639e-06 2.46018567e-06
  9.76660544e-07 1.60866932e-06 4.58806426e-06 2.35199809e-06
  2.50088283e-06 3.59717274e-06]
 [7.06557184e-05 1.30863511e-04 5.20483468e-07 3.40859492e-06
  4.06526988e-06 2.62841979e-08 1.04840376e-06 2.38302118e-06
  7.52212657e-08 1.06366997e-05 9.95694995e-01 8.23797192e-04
  1.72634944e-04 2.51978450e-03 1.59472984e-04 1.63144273e-06
  1.28288639e-05 5.96826649e-05 2.22533017e-05 1.95145949e-05
  5.84063810e-06 9.90741501e-06 2.97621100e-05 1.59703941e-05
  1.69222531e-05 9.83411155e-06 8.83401572e-06 7.52849201e-06
  3.41884993e-06 1.03387429e-05 5.51867333e-06 1.56322658e-05
  7.39042252e-06 3.09546049e-05 1.31271327e-05 7.22833784e-06
  7.55130077e-06 6.73081513e-06 2.90022354e-06 2.35089351e-06
  5.52696292e-06 1.45466320e-05 1.64623489e-05 4.82553241e-06
  2.04469961e-06 3.71965530e-06 8.42297595e-06 4.77203866e-06
  4.81405505e-06 6.92596814e-06]
 [2.71992845e-04 4.95430722e-05 2.69162229e-07 6.16520902e-06
  7.02786110e-06 8.78971562e-09 3.58507208e-07 2.70949749e-06
  3.61203760e-08 9.58323653e-06 9.95151043e-01 7.49194354e-04
  5.73721809e-05 2.06897105e-03 1.35350972e-04 2.15161776e-06
  3.08025046e-05 1.49977262e-04 4.96274333e-05 5.88586045e-05
  3.58334946e-05 4.64538352e-05 1.22734127e-04 5.19889181e-05
  8.66702321e-05 3.52064671e-05 3.86395695e-05 3.55319607e-05
  1.98061862e-05 4.79765913e-05 2.49065724e-05 6.74240800e-05
  3.05124777e-05 1.08145068e-04 4.71045350e-05 3.30465191e-05
  3.04741770e-05 2.53751004e-05 1.37433999e-05 1.16437777e-05
  1.98189391e-05 6.02612345e-05 5.66062517e-05 2.13229905e-05
  9.70323254e-06 1.89055390e-05 3.13226556e-05 2.13748463e-05
  1.85553326e-05 2.79272299e-05]
 [7.92833883e-03 1.59950323e-05 2.04041001e-07 1.31669331e-05
  1.44592132e-05 7.14304127e-09 2.80204233e-07 3.28039823e-06
  6.59474253e-08 2.75524617e-05 9.85126257e-01 5.66558272e-04
  4.04400234e-05 1.93396024e-03 1.14605893e-04 2.41076737e-06
  8.80299194e-05 3.17876460e-04 8.31894940e-05 1.17542193e-04
  1.25831561e-04 1.39711337e-04 3.79927282e-04 8.14157611e-05
  2.24593183e-04 5.23494964e-05 1.50797976e-04 1.34673246e-04
  1.22886544e-04 1.77628201e-04 8.91104064e-05 2.17339475e-04
  9.58510136e-05 3.26278881e-04 1.36044939e-04 1.30297092e-04
  9.26365683e-05 7.03747864e-05 5.24553943e-05 4.46705235e-05
  4.32711422e-05 1.71981170e-04 1.22219411e-04 6.65125699e-05
  3.22289889e-05 7.40569740e-05 5.93505392e-05 7.26470971e-05
  4.58720751e-05 7.28072409e-05]
 [2.95016140e-01 1.10761894e-05 9.76269803e-07 7.05130951e-05
  4.90611965e-05 1.10265104e-08 7.28143050e-07 6.95201607e-06
  1.58333947e-07 1.44181278e-04 6.86823010e-01 4.86039993e-04
  9.27965084e-05 1.30315509e-03 3.72114446e-05 1.97243912e-06
  1.52952693e-04 4.12466441e-04 1.36824281e-04 2.72159756e-04
  6.44715852e-04 6.35947101e-04 2.22299644e-03 1.28040978e-04
  8.33993370e-04 1.11598412e-04 5.43747214e-04 5.42889116e-04
  8.77596554e-04 6.22891879e-04 3.59710597e-04 7.46213191e-04
  3.78310709e-04 1.41452311e-03 5.06734359e-04 5.85322268e-04
  4.02251375e-04 2.63099995e-04 3.18043312e-04 2.96935206e-04
  1.07347201e-04 3.57487734e-04 1.90978375e-04 2.55549268e-04
  2.05972101e-04 5.37971617e-04 1.10874193e-04 3.75233882e-04
  1.42236211e-04 2.62306072e-04]
 [7.57626653e-01 1.79152412e-05 3.08489757e-06 5.32026897e-05
  6.75773772e-05 8.73274253e-09 1.31420472e-06 6.31312969e-06
  9.65876126e-08 3.62818428e-05 2.38721073e-01 1.39169031e-04
  4.53989487e-05 9.14573553e-04 7.12767860e-06 6.73155171e-07
  2.16329991e-05 3.81189675e-05 1.78134287e-05 1.94773984e-05
  1.15137962e-04 1.35095543e-04 3.34208307e-04 1.49224352e-05
  6.35002652e-05 1.13523793e-05 5.13223240e-05 8.40004068e-05
  1.34740156e-04 7.75269218e-05 5.30701691e-05 8.28809571e-05
  5.16762848e-05 2.49422475e-04 1.07532876e-04 5.66931412e-05
  7.17761359e-05 5.22384798e-05 6.67399654e-05 7.99982663e-05
  2.02016872e-05 2.31140402e-05 1.60722630e-05 3.00457614e-05
  4.20106007e-05 8.51936056e-05 1.42343761e-05 5.82367356e-05
  2.56033363e-05 5.39167595e-05]
 [9.60020363e-01 4.65300109e-05 2.52058726e-06 1.67581857e-05
  1.31683228e-05 2.75962755e-08 5.21852883e-07 1.84690316e-06
  3.92776343e-07 5.41662921e-05 3.90030257e-02 6.69358342e-05
  6.70174704e-05 3.03781766e-04 2.91117249e-06 2.27277511e-07
  7.07388926e-06 1.07317965e-05 5.69353506e-06 3.68902374e-06
  2.73042442e-05 3.61256716e-05 5.58512947e-05 3.46123306e-06
  6.94154824e-06 2.21391110e-06 5.99426357e-06 1.40994453e-05
  1.36909439e-05 1.14907416e-05 9.18257865e-06 1.25329525e-05
  9.14071006e-06 4.25034887e-05 2.02595074e-05 5.26101621e-06
  1.24663520e-05 9.51225229e-06 9.17475336e-06 1.23105319e-05
  3.67797202e-06 2.16111061e-06 2.19218919e-06 3.39800499e-06
  7.17385228e-06 9.51419406e-06 2.40399163e-06 7.75378885e-06
  4.71050544e-06 1.01190399e-05]]
44520173-Q7203796	[[1.79261144e-04 8.88120776e-05 2.90411786e-04 3.38959461e-03
  8.20562057e-03 3.77354852e-04 1.27010013e-03 4.78710141e-03
  9.90395318e-04 2.66470434e-03 1.89645961e-02 2.87310511e-01
  4.77191177e-04 1.86195582e-01 4.50650722e-01 3.13710570e-02
  1.31581852e-04 1.01642123e-04 6.80059893e-05 3.55272532e-05
  1.25486244e-04 8.46688126e-05 5.42263479e-05 1.19366428e-04
  6.20498540e-05 2.42954702e-04 1.04937812e-04 9.84193321e-05
  5.02450494e-05 8.38815031e-05 6.81746969e-05 1.21046753e-04
  9.31648392e-05 4.14116912e-05 7.53397690e-05 3.28228562e-05
  5.66359013e-05 9.11116731e-05 8.21139329e-05 6.09629751e-05
  1.89371640e-04 7.79449401e-05 5.64212314e-05 3.68724541e-05
  2.74784525e-05 4.10999637e-05 9.87608073e-05 2.26813263e-05
  7.30877073e-05 7.74159998e-05]
 [3.55639990e-04 1.59937685e-04 8.21667374e-04 2.58508185e-03
  9.32976138e-03 4.14435344e-05 2.17502285e-03 1.51288912e-01
  9.19188652e-03 3.74245865e-04 3.38595361e-01 4.21725139e-02
  4.64043580e-04 3.59776288e-01 6.72545657e-02 4.30011051e-03
  6.78408192e-04 2.77237385e-04 3.27773596e-04 2.05044285e-04
  2.61449022e-04 5.58135398e-05 1.73307490e-04 1.55424597e-04
  5.81804306e-05 7.95851229e-05 2.74103251e-04 2.10303508e-04
  1.16681724e-04 1.24836137e-04 2.09747683e-04 1.96318972e-04
  2.91146687e-04 5.37063635e-04 3.06919770e-04 2.79796397e-04
  2.66796415e-04 2.30768012e-04 8.03506176e-04 1.99928225e-04
  4.68368205e-04 1.42643854e-04 2.56666885e-04 3.76603159e-04
  2.01253628e-04 1.61881954e-03 5.91528602e-04 5.21014736e-04
  3.58728605e-04 2.57739768e-04]
 [3.30102659e-04 7.59466691e-03 3.68195237e-03 6.03821303e-04
  1.99463917e-03 3.73424089e-04 6.09994167e-03 1.56463345e-03
  3.42770703e-02 8.11242778e-03 3.24253854e-03 1.78856820e-01
  6.71525544e-04 4.80365474e-04 6.98936403e-01 3.44655588e-02
  1.16927794e-03 8.60748626e-03 2.04608100e-03 7.97480228e-04
  3.89487919e-04 1.18671946e-04 2.56077648e-04 1.06691288e-04
  1.75385339e-05 1.03241282e-05 3.21640720e-04 2.89093470e-04
  1.50264532e-04 1.06725071e-04 1.35255817e-04 2.42176407e-04
  2.12000741e-04 6.86576648e-04 7.40713222e-05 1.09921835e-04
  1.13221795e-04 2.93546036e-05 1.83504788e-04 2.42409678e-05
  2.88176816e-04 1.95581408e-04 3.82327707e-04 5.90990647e-04
  1.03709768e-04 4.53209912e-04 1.52236607e-04 2.49383535e-04
  5.46669544e-05 4.66745187e-05]
 [1.79929033e-04 4.81215742e-04 1.13634700e-02 5.91380801e-03
  1.57401711e-03 1.36548493e-04 1.33900672e-01 1.88316638e-03
  7.31382694e-04 8.37605260e-03 7.29041127e-03 2.06086598e-02
  1.08142965e-04 2.83094585e-01 3.96580398e-01 1.24051929e-01
  7.42731732e-04 6.19565835e-04 2.86139461e-04 3.76857279e-05
  8.03825751e-05 1.03662742e-05 2.84263970e-05 2.32652910e-05
  3.32897594e-06 1.25221868e-06 6.02178879e-05 6.74358162e-05
  5.07098084e-05 3.14222998e-05 3.65601700e-05 4.57016977e-05
  5.79136322e-05 9.38914673e-05 2.69172688e-05 2.28455883e-05
  2.95926802e-05 1.95832145e-05 1.38703137e-04 6.22563675e-06
  1.86952471e-04 4.37434865e-05 1.78666349e-04 2.80998269e-04
  2.51044203e-05 3.02201166e-04 8.71094526e-05 5.25155156e-05
  2.80985405e-05 1.92186217e-05]
 [8.26434605e-03 3.76469046e-02 3.61703150e-03 8.21167254e-04
  7.04614725e-03 1.02089580e-04 5.25753573e-02 6.53946912e-03
  2.99226004e-03 1.72547225e-04 1.14554528e-03 4.83950926e-03
  1.64057710e-03 4.66897414e-04 3.08081657e-01 1.04961162e-02
  7.53069157e-03 5.09711266e-01 1.89413261e-02 1.11866184e-03
  3.06172093e-04 3.19748971e-04 3.00536660e-04 7.32494402e-04
  1.23515156e-05 1.39478771e-05 1.29625550e-04 2.40257315e-04
  5.74321370e-04 5.15297928e-04 4.87519661e-04 9.84843588e-04
  8.68684670e-04 9.33258911e-04 3.66801891e-04 1.42773846e-04
  2.29221361e-04 1.48301973e-04 1.33573063e-04 2.10447251e-05
  1.80189894e-03 3.33534030e-04 1.27993780e-03 1.91623741e-03
  1.40077798e-04 5.02501673e-04 1.23367005e-03 1.03759440e-03
  3.35256278e-04 2.08954691e-04]
 [1.94991939e-03 5.22225630e-03 2.65686162e-04 2.13451334e-03
  3.58435465e-03 1.10794303e-04 3.12140994e-02 1.99176684e-01
  1.65562574e-02 8.39986838e-03 4.20557857e-02 1.06893934e-01
  3.24826059e-03 2.61033565e-04 7.15821087e-02 7.66345039e-02
  2.35097413e-03 8.67018104e-02 1.05993643e-01 3.26203033e-02
  5.27688675e-02 6.46315375e-03 6.92589581e-03 5.27600572e-03
  1.53993868e-04 1.01437930e-04 1.39023864e-03 5.86714642e-03
  1.37801538e-03 1.51375472e-03 4.28289874e-03 3.87687748e-03
  8.13983008e-03 1.18793743e-02 4.86943265e-03 3.26652802e-03
  6.78431196e-03 3.17742536e-03 6.32605702e-03 1.89113908e-03
  4.15420206e-03 3.16857710e-03 7.02819461e-03 7.42425304e-03
  3.31197935e-03 2.41011325e-02 6.54948503e-03 5.59957931e-03
  3.20767215e-03 2.16566678e-03]
 [1.16598560e-03 5.09776548e-03 9.59745236e-03 8.09116405e-04
  1.67090297e-02 1.69332139e-02 3.58629674e-01 1.08302198e-01
  1.39012620e-01 5.02225803e-03 1.70774404e-02 4.00289483e-02
  4.19134274e-02 3.74161243e-03 1.53044611e-01 4.25045751e-03
  2.02053995e-03 1.51217598e-02 2.81963591e-02 3.69559601e-03
  1.10346882e-03 3.21165746e-04 3.65573098e-04 5.32225880e-04
  4.47607381e-05 4.70603918e-05 1.59582894e-04 1.04620995e-03
  3.77883494e-04 7.17033981e-04 8.42851703e-04 9.01101914e-04
  1.02875987e-03 2.89896410e-03 1.57138391e-03 6.15565572e-04
  2.11469573e-03 1.67881604e-03 7.86133460e-04 6.15981931e-04
  8.58514046e-04 7.25840800e-04 1.21349515e-03 9.82182915e-04
  6.31772971e-04 1.54923799e-03 1.60728430e-03 1.37247751e-03
  1.59895269e-03 1.32092752e-03]
 [2.60047964e-03 8.23619887e-02 1.95011068e-02 2.92014738e-04
  9.87055246e-03 6.49161462e-04 4.76376293e-03 2.98884790e-03
  1.30458772e-02 1.76783409e-02 5.02112731e-02 3.64838876e-02
  7.49754310e-01 6.40330138e-04 4.61622840e-03 3.21831001e-04
  1.26588740e-03 1.81470462e-03 3.47384426e-04 4.64723889e-05
  3.70831876e-05 2.29293219e-05 1.85689423e-05 1.68551160e-05
  1.16557421e-05 1.14031545e-05 7.40335145e-06 6.64028448e-06
  5.18650313e-06 7.42023076e-06 6.68986331e-06 1.13538790e-05
  1.10343490e-05 2.15648804e-04 3.16041915e-05 5.99172427e-06
  1.02711765e-05 1.42361332e-05 4.99701946e-06 1.07994829e-05
  2.56075255e-05 8.44519036e-06 2.89516720e-05 1.74586185e-05
  1.07124670e-05 2.74142403e-05 2.04492262e-05 8.24378949e-05
  2.19920239e-05 3.42970598e-05]
 [1.41595365e-05 1.21741105e-04 5.77257706e-05 1.80672555e-06
  4.13263734e-07 3.19260675e-06 1.41060282e-05 2.27780816e-07
  4.48338869e-06 1.57708935e-02 4.79473732e-04 2.86544068e-03
  9.78555143e-01 4.53334251e-05 4.53919347e-06 1.95420068e-03
  2.01554321e-05 1.38938522e-05 2.75252182e-06 1.95728808e-06
  4.58420345e-07 3.70430996e-07 4.19936271e-07 7.08438051e-07
  1.65525569e-06 4.53345228e-06 1.21369101e-06 1.44512262e-06
  8.87726628e-07 1.07391986e-06 1.34871732e-06 1.68506870e-06
  1.96366000e-06 7.78329377e-06 5.36845255e-06 1.02632191e-06
  1.88676984e-06 2.23129132e-06 1.03566163e-06 2.12960026e-06
  2.92837922e-06 1.94015320e-06 4.96986740e-06 1.29209911e-06
  1.64530263e-06 3.47751347e-06 3.51990457e-06 3.89727211e-06
  2.30962542e-06 3.18039929e-06]
 [1.11232282e-06 6.69517249e-06 1.56637543e-06 2.31471532e-07
  2.49215866e-08 2.60968477e-07 5.38912914e-08 5.32000533e-09
  5.51731780e-08 6.57935976e-04 2.39843255e-04 2.69612618e-04
  9.98666406e-01 1.55723119e-05 1.15530270e-07 1.38654650e-04
  6.92706521e-07 1.07450518e-07 3.06470014e-08 4.85281859e-08
  7.06576353e-09 1.36036746e-08 1.51575978e-08 1.70326562e-08
  2.41880720e-08 2.03638820e-07 1.13598801e-08 1.19644206e-08
  7.06840542e-09 6.97508540e-09 8.58747473e-09 1.22778072e-08
  1.20581660e-08 4.13789571e-08 5.37456302e-08 1.30571740e-08
  2.32119781e-08 3.28724106e-08 2.14193498e-08 3.28473995e-08
  7.15903070e-08 3.48429126e-08 4.21659578e-08 1.30890161e-08
  2.05038084e-08 8.06538978e-08 4.37348255e-08 2.94331031e-08
  2.24447589e-08 4.10654017e-08]
 [4.95067070e-05 1.89869301e-04 6.15914178e-05 9.55143150e-06
  2.21367344e-07 2.20451443e-06 1.09252164e-06 5.07040454e-08
  7.48935349e-07 2.72396253e-03 3.44585720e-03 2.63593742e-03
  9.90423739e-01 8.24289527e-05 1.12771877e-05 3.54773132e-04
  1.90399146e-06 4.07327377e-07 1.51258888e-07 3.48755606e-07
  4.01269560e-08 4.95634183e-08 7.66028165e-08 7.13375599e-08
  7.08211658e-08 6.38211134e-07 6.33982609e-08 6.14945961e-08
  3.76455667e-08 3.37178605e-08 4.13394154e-08 5.84213637e-08
  5.99620122e-08 1.75959045e-07 2.25605390e-07 6.39041460e-08
  1.25765453e-07 1.53107848e-07 1.15345046e-07 1.54061510e-07
  3.77620154e-07 1.83961916e-07 1.75680029e-07 6.59563284e-08
  8.83937687e-08 4.16378469e-07 2.20569945e-07 1.74165322e-07
  1.28017319e-07 1.99060167e-07]
 [1.11916626e-04 3.76309355e-04 1.04801780e-04 1.44390042e-05
  2.92115971e-07 3.11487861e-06 1.28840793e-06 4.66312997e-08
  9.92447667e-07 1.82581297e-03 7.06622144e-03 2.90559372e-03
  9.87075150e-01 2.15591048e-04 1.03102233e-04 1.85196288e-04
  4.49526988e-06 1.21718608e-06 5.23061487e-07 1.08366805e-06
  7.06205086e-08 8.96432937e-08 1.48212052e-07 1.10918712e-07
  5.99720096e-08 4.36842583e-07 6.86427981e-08 4.99889730e-08
  3.14825819e-08 2.91867988e-08 3.59652113e-08 5.12689056e-08
  5.40965530e-08 1.22731578e-07 1.85979005e-07 5.61412214e-08
  1.03704991e-07 1.15858874e-07 6.33804120e-08 4.78123958e-08
  1.20481062e-07 7.12148491e-08 7.97080446e-08 3.27024452e-08
  2.90121864e-08 1.39810865e-07 1.06100316e-07 9.16410769e-08
  9.81932189e-08 1.45630366e-07]
 [1.41189096e-03 2.13650172e-03 4.37603274e-04 6.55047916e-05
  2.80167455e-06 1.86159905e-05 8.08223467e-06 4.45270473e-07
  5.65373330e-06 8.07218719e-03 4.85640168e-02 1.60605125e-02
  9.19729173e-01 2.18793494e-03 7.18805008e-04 4.94628504e-04
  2.55917876e-05 9.93080994e-06 4.75165371e-06 1.23641976e-05
  1.02435115e-06 1.30176318e-06 2.54282895e-06 1.72222872e-06
  6.58043291e-07 3.61068464e-06 9.34258878e-07 7.31691728e-07
  5.24131224e-07 4.47230263e-07 5.35652134e-07 7.73763702e-07
  8.01531257e-07 1.25664940e-06 2.20434458e-06 8.52460232e-07
  1.26427051e-06 1.46810476e-06 7.41665019e-07 4.39508739e-07
  1.02424178e-06 7.81479230e-07 8.32778881e-07 3.98405803e-07
  2.83074883e-07 1.19331492e-06 1.00426644e-06 8.79972447e-07
  1.14345050e-06 1.59797128e-06]
 [2.44222544e-02 5.26549714e-03 1.46986404e-03 4.41281241e-04
  6.50570510e-05 6.08638838e-05 4.27066516e-05 4.14289434e-06
  1.15889334e-05 1.21569950e-02 2.76384145e-01 6.51452541e-02
  5.75759411e-01 3.10972426e-02 3.11116804e-03 2.39102170e-03
  3.32045631e-04 1.42251432e-04 7.59671966e-05 2.64123606e-04
  4.25757098e-05 5.64962465e-05 1.25886756e-04 7.29095191e-05
  3.13459095e-05 1.23368314e-04 4.83834701e-05 3.92449183e-05
  3.44569671e-05 2.40723966e-05 2.60416491e-05 3.76401804e-05
  3.55911179e-05 4.43696263e-05 8.32068617e-05 4.31614280e-05
  5.01811373e-05 5.98118022e-05 2.71441368e-05 1.77593029e-05
  3.37457168e-05 3.49032562e-05 3.16640617e-05 1.81514006e-05
  1.12935613e-05 3.59318910e-05 3.45578337e-05 3.17646263e-05
  4.24823811e-05 5.89252850e-05]
 [5.13193607e-01 9.00382549e-03 1.48063840e-03 1.43777509e-03
  4.44218836e-04 4.45531077e-05 4.59966686e-05 1.38677451e-05
  1.26473096e-05 1.10991457e-02 3.02432120e-01 5.03912643e-02
  6.61400333e-02 3.23687159e-02 1.43414596e-03 1.96022354e-03
  5.89428120e-04 2.34532432e-04 1.17072341e-04 6.07743452e-04
  2.20877933e-04 2.60011206e-04 7.03381316e-04 2.07415782e-04
  2.58751243e-04 4.60754294e-04 3.28480324e-04 2.09778984e-04
  3.23738233e-04 1.35582566e-04 1.30480272e-04 2.02555821e-04
  1.70372878e-04 2.18255809e-04 3.52104951e-04 3.34676442e-04
  2.18223649e-04 2.46292475e-04 1.25790422e-04 1.14334856e-04
  1.26693601e-04 2.45098869e-04 1.47924744e-04 1.29559849e-04
  7.22337718e-05 2.11982435e-04 1.37103460e-04 1.96529727e-04
  1.81953830e-04 2.77536048e-04]
 [9.60934997e-01 1.57678395e-03 4.65743215e-04 6.33444230e-04
  1.57560906e-04 6.46586386e-06 1.19524193e-05 3.67638881e-06
  1.76523463e-06 6.80778129e-03 1.96738187e-02 3.10627255e-03
  4.87131160e-03 6.74777431e-04 2.99086332e-05 7.47818194e-05
  4.98797963e-05 8.93646757e-06 4.40436861e-06 3.25378278e-05
  3.24814973e-05 3.48305803e-05 1.36379851e-04 1.25796250e-05
  4.84659249e-05 3.98229349e-05 5.45294897e-05 2.39624387e-05
  6.21228464e-05 1.52569537e-05 1.40403854e-05 2.18207333e-05
  1.74362867e-05 3.42827370e-05 3.48369904e-05 5.04640120e-05
  2.11377865e-05 2.03346590e-05 1.18029784e-05 1.52812281e-05
  7.69436156e-06 2.54003207e-05 1.03878692e-05 1.45308622e-05
  1.12250800e-05 2.82376695e-05 7.80746268e-06 2.89073341e-05
  1.37692132e-05 2.34188246e-05]
 [9.86474454e-01 2.36741314e-03 1.06500834e-03 8.27518932e-04
  1.59206989e-04 5.11696817e-06 9.53761810e-06 2.62260733e-06
  6.93230618e-07 2.47678044e-03 3.23424884e-03 6.78761513e-04
  2.42447597e-03 8.98156577e-05 4.75983279e-06 1.03195980e-05
  4.99995895e-06 5.77092464e-07 3.87085151e-07 3.36881453e-06
  5.95115898e-06 7.06547780e-06 3.05833710e-05 1.62411470e-06
  9.18597198e-06 6.74998091e-06 8.98359940e-06 4.33931518e-06
  1.28314641e-05 2.59963076e-06 2.52879636e-06 3.61018692e-06
  3.07399091e-06 7.00911642e-06 6.40186136e-06 7.67365873e-06
  3.69166082e-06 3.38596260e-06 1.93787105e-06 3.22493611e-06
  1.05163576e-06 2.89836680e-06 1.12513828e-06 2.33582068e-06
  2.63707602e-06 5.11482131e-06 9.53887593e-07 5.33554612e-06
  2.10327426e-06 3.88056696e-06]
 [9.89756405e-01 4.54645511e-03 9.70700174e-04 5.09471691e-04
  5.93915756e-05 5.68561927e-06 3.71700003e-06 1.14690170e-06
  7.47843501e-07 1.28154340e-03 9.76663432e-04 2.22911665e-04
  1.52391335e-03 2.67000960e-05 2.67723681e-06 3.28602118e-06
  3.19482888e-06 3.51455810e-07 3.02411536e-07 1.65963672e-06
  4.57587021e-06 6.44951115e-06 1.86966772e-05 1.32510843e-06
  3.57823001e-06 4.51668484e-06 4.39597898e-06 3.31021806e-06
  6.94088703e-06 1.77249785e-06 1.86725049e-06 2.23940606e-06
  2.14347097e-06 5.37459255e-06 6.04531851e-06 2.99346902e-06
  2.82878295e-06 2.94206939e-06 1.31611353e-06 2.61542345e-06
  9.39311974e-07 1.07161441e-06 6.07408310e-07 1.17507875e-06
  1.87213800e-06 2.40021222e-06 6.98586803e-07 3.14318663e-06
  1.79583378e-06 3.45680655e-06]
 [9.90719914e-01 4.17061895e-03 1.38524931e-03 5.22738032e-04
  6.57019555e-05 5.81057930e-06 5.45889816e-06 1.53321923e-06
  8.31789464e-07 6.55530312e-04 8.55211576e-04 1.81209543e-04
  1.15584617e-03 3.31580013e-05 3.61433149e-06 3.30619037e-06
  5.55458064e-06 6.74433466e-07 7.56696636e-07 2.90696494e-06
  9.63429193e-06 1.54200225e-05 3.59339247e-05 3.55463999e-06
  4.92592699e-06 8.78613901e-06 7.93146228e-06 8.65401398e-06
  1.46161829e-05 4.28742806e-06 4.82722953e-06 5.05121761e-06
  5.30050602e-06 1.19009737e-05 1.70702642e-05 4.87946636e-06
  7.23396215e-06 8.13526276e-06 3.09913798e-06 6.22118569e-06
  2.54988709e-06 1.66520010e-06 1.22233189e-06 2.24935320e-06
  3.95878033e-06 4.01394618e-06 1.70954581e-06 5.94268022e-06
  4.72143211e-06 8.80717016e-06]
 [9.90907907e-01 4.59443452e-03 1.25249766e-03 3.87928332e-04
  5.77672872e-05 5.56697978e-06 5.49359174e-06 1.50164522e-06
  1.01580713e-06 6.27263449e-04 7.22224999e-04 1.63364661e-04
  1.04163797e-03 2.41189337e-05 2.65151812e-06 2.66800316e-06
  4.41995371e-06 6.12015413e-07 7.07772131e-07 2.49105847e-06
  8.53946676e-06 1.29060563e-05 3.03883462e-05 2.93217113e-06
  3.94689823e-06 6.61363811e-06 6.41847691e-06 7.52881897e-06
  1.45893609e-05 3.72093427e-06 4.14950182e-06 4.17162619e-06
  4.39448695e-06 9.58840610e-06 1.56389524e-05 4.16593730e-06
  6.17578007e-06 7.28747318e-06 2.93716653e-06 6.05175683e-06
  2.32627690e-06 1.35621087e-06 9.82400707e-07 1.98830776e-06
  3.18173670e-06 3.40386032e-06 1.45418596e-06 4.92409026e-06
  4.15347677e-06 7.81760809e-06]]
44520173-Q7203797	[[4.28214524e-04 1.13612122e-03 2.84252898e-03 3.34756449e-02
  1.29412130e-01 1.15922376e-04 7.36406655e-04 8.69582891e-02
  6.35803153e-04 4.21950174e-03 1.90010831e-01 4.03904319e-01
  1.48647188e-04 3.64918523e-02 9.90731269e-02 9.71856620e-03
  3.63000945e-05 4.52397071e-05 2.49200111e-05 9.23472271e-06
  3.20048566e-05 1.67450780e-05 1.04228493e-05 2.73019687e-05
  1.50292417e-05 5.57960666e-05 2.41196285e-05 2.38670382e-05
  1.18414482e-05 1.95149823e-05 1.59134834e-05 2.84036651e-05
  2.21328864e-05 9.91052002e-06 1.85387544e-05 8.19808429e-06
  1.33996409e-05 2.23332336e-05 1.92685948e-05 1.49299003e-05
  4.23537967e-05 1.86686229e-05 1.34309594e-05 8.80550033e-06
  6.76177251e-06 9.81374069e-06 2.39264064e-05 5.44111799e-06
  1.81064897e-05 1.94274289e-05]
 [1.45249171e-04 9.16968379e-03 9.90143605e-03 4.78006564e-02
  9.11697969e-02 7.12871039e-03 2.75191426e-01 2.78097600e-01
  4.02131155e-02 2.09651981e-03 1.12228416e-01 2.04839893e-02
  5.45577088e-04 3.21040340e-02 1.09925894e-02 6.36995723e-03
  2.92038778e-03 6.14055665e-03 1.54056225e-03 8.15332460e-04
  1.97839481e-03 9.23283282e-04 1.31787313e-03 1.48655381e-03
  6.51584589e-04 3.00288695e-04 1.13928423e-03 1.11843983e-03
  1.31156016e-03 1.06260588e-03 8.07467208e-04 9.26381734e-04
  7.90158461e-04 2.21111649e-03 1.35406235e-03 1.20910257e-03
  1.01383100e-03 1.08231069e-03 2.81347963e-03 1.04814139e-03
  4.94269375e-03 1.06635538e-03 1.91608455e-03 2.12469185e-03
  5.92201017e-04 1.78863958e-03 2.19526165e-03 2.17333483e-03
  1.74997968e-03 1.84921513e-03]
 [7.98928681e-07 1.26156156e-04 6.64537583e-05 5.61999448e-04
  8.16978627e-06 5.59359023e-06 1.03484159e-02 3.20982916e-04
  1.51480026e-05 8.52414593e-03 7.12155504e-03 4.79511800e-04
  1.63685984e-03 5.82756102e-01 8.25637951e-03 8.01864117e-02
  1.07010948e-02 7.13952854e-02 1.43464999e-02 3.85131594e-03
  8.75446014e-03 8.73886980e-03 1.00660685e-03 1.09532177e-02
  2.73681246e-04 1.80741388e-03 6.13646349e-03 4.79758112e-03
  4.09240741e-03 2.10436713e-03 5.02063707e-03 1.61590090e-03
  5.63721219e-03 6.24470599e-03 7.94101786e-03 2.78631970e-03
  2.97063892e-03 9.32447053e-03 8.76503251e-03 2.71074963e-03
  1.40670277e-02 3.90931359e-03 2.17361879e-02 1.34442216e-02
  3.17274383e-03 3.50087881e-03 1.56800002e-02 3.44745745e-03
  9.76026710e-03 8.89129564e-03]
 [1.58621551e-05 8.07971053e-04 5.72044123e-03 5.82539150e-03
  8.30206648e-03 6.00025058e-03 2.19940804e-02 6.61715353e-03
  4.06249791e-01 6.45047706e-03 1.56446407e-03 1.46382138e-01
  6.47080615e-02 9.81133152e-03 1.29631609e-01 1.41360968e-01
  2.57488852e-03 2.26646923e-02 1.01422099e-02 4.33168199e-04
  9.01147141e-05 5.10225291e-05 2.39823403e-05 8.19738125e-05
  1.27167041e-05 1.44490368e-05 1.56021524e-05 3.68173933e-05
  4.39356227e-05 6.71064918e-05 6.70302470e-05 1.22335303e-04
  1.39503798e-04 1.72607572e-04 1.60950251e-04 4.17759111e-05
  5.23455419e-05 8.10959245e-05 6.68630382e-05 3.61587663e-05
  1.24367303e-04 9.26414941e-05 2.51471589e-04 1.73978187e-04
  3.96084288e-05 9.52251357e-05 2.19233800e-04 8.42907248e-05
  1.49349828e-04 1.34581656e-04]
 [3.40722437e-08 1.13204384e-04 1.25426828e-04 8.83491248e-06
  1.58278024e-04 2.69024022e-04 1.98591965e-06 3.73517454e-04
  1.66074950e-02 8.39602435e-04 1.17460499e-03 7.18653321e-01
  1.03554772e-02 2.74608406e-04 2.04724781e-02 7.25227669e-02
  9.07564908e-03 1.30399272e-01 1.40429297e-02 5.47316216e-04
  2.30887366e-04 1.88372738e-04 5.40646834e-05 5.09803649e-05
  3.19062907e-04 3.96691612e-04 1.44529095e-05 2.09021364e-05
  1.39199337e-05 1.61840449e-04 6.14279998e-05 2.57406122e-04
  1.03668906e-04 5.52103273e-04 7.70433398e-05 1.21656503e-05
  2.26392785e-05 1.67038907e-05 3.76805801e-05 6.45672117e-05
  6.67148925e-05 4.78695256e-05 1.25790495e-04 1.28709944e-04
  1.63933641e-04 5.34300234e-05 6.86583880e-05 3.14745092e-04
  1.35662311e-04 2.22025279e-04]
 [3.73994516e-11 1.82533931e-05 1.87148908e-06 9.72951384e-05
  1.81037376e-06 6.03443823e-07 1.93754386e-05 3.77982339e-08
  2.64433857e-05 1.53246183e-05 3.31731630e-04 7.37731694e-04
  9.75262781e-04 1.45958227e-04 1.85910761e-01 2.69970624e-03
  1.41209722e-01 4.18938398e-01 1.65364921e-01 4.84596909e-04
  1.61237121e-02 1.65297836e-02 7.56801863e-04 1.21060235e-03
  4.08970693e-04 3.01757042e-04 3.65758751e-04 7.01962505e-04
  3.72905284e-04 3.18833539e-04 1.00709544e-03 3.20173946e-04
  1.29871175e-03 1.05947396e-02 1.51328265e-03 1.61251111e-04
  6.35913864e-04 1.21162226e-03 9.26342269e-04 4.17406578e-03
  1.11944007e-03 2.49758217e-04 2.21165293e-03 1.31716672e-03
  4.71503055e-03 4.50822554e-04 1.64867006e-03 4.33478411e-03
  3.61108175e-03 4.42750519e-03]
 [9.64684244e-09 2.66239018e-04 1.46479149e-08 3.13572208e-08
  5.35682193e-11 3.68143543e-10 1.24895190e-11 3.51465967e-10
  7.03332319e-07 8.42525907e-08 8.78279991e-08 1.84581750e-05
  3.47771624e-04 2.00543184e-07 8.83364759e-04 2.40593683e-03
  2.44123116e-03 8.31085145e-01 5.06824479e-02 1.30112667e-03
  3.87346884e-03 5.02925925e-02 1.33553019e-03 6.16557477e-03
  1.65879808e-03 1.93952455e-03 5.28772071e-04 1.54593890e-03
  4.38411167e-04 7.00325822e-04 2.11437838e-03 5.87111746e-04
  2.21145526e-03 2.51667481e-03 1.83351734e-03 4.53251239e-04
  1.80310069e-03 2.09949026e-03 2.92580039e-03 4.47612861e-03
  7.62520358e-04 1.85509666e-03 2.75561772e-03 9.78195807e-04
  5.49140340e-03 6.67768909e-05 1.22436730e-03 1.06146152e-03
  3.03425803e-03 3.83757148e-03]
 [9.82072024e-08 3.00813990e-04 1.16113830e-08 6.97890528e-08
  2.13426232e-09 5.08760763e-07 1.41361935e-08 2.19555591e-06
  1.93489850e-05 1.45421682e-05 8.21896947e-07 6.42164014e-06
  3.92578642e-07 8.15046874e-09 9.04814340e-04 6.49375295e-07
  4.70575964e-04 1.01636961e-01 7.40627199e-03 6.82946807e-03
  6.04932420e-02 1.37050554e-01 6.28191456e-02 2.26042960e-02
  4.92760316e-02 9.13914293e-03 3.76501046e-02 7.65776411e-02
  4.41202894e-02 2.24566162e-02 2.99202073e-02 8.11309461e-03
  1.08406860e-02 3.14843096e-03 3.73962265e-03 1.79121159e-02
  5.54450527e-02 9.88216046e-03 6.04257211e-02 1.71944164e-02
  6.24510413e-03 1.83663350e-02 2.12407671e-02 1.11242915e-02
  4.46519069e-02 2.62379367e-03 3.06549319e-03 9.47420206e-03
  1.29287271e-02 1.38768982e-02]
 [3.09143573e-08 2.75640108e-04 1.58656078e-07 3.35512169e-07
  1.05672262e-08 1.45657032e-06 2.42931236e-07 1.61815456e-06
  2.58279324e-05 1.32787973e-05 3.10549854e-06 4.62679964e-06
  5.32795070e-07 3.63231969e-08 1.74776453e-03 1.02020842e-07
  2.17763343e-04 3.69593911e-02 3.45005537e-03 9.10225976e-03
  2.38023754e-02 6.59916624e-02 6.33088052e-02 1.68513842e-02
  1.39622949e-02 3.26509215e-03 4.77677174e-02 1.41022339e-01
  1.12143137e-01 5.46063669e-02 6.32792935e-02 1.57017205e-02
  1.86535455e-02 6.77141186e-04 2.61858734e-03 2.30652820e-02
  7.84320831e-02 1.28075760e-02 7.79421255e-02 8.57515819e-03
  2.72407755e-03 1.17473220e-02 9.32961144e-03 1.32285431e-02
  2.35062782e-02 2.31477153e-03 1.88712671e-03 5.76771144e-03
  1.69940591e-02 1.62225869e-02]
 [2.01701891e-08 1.30688815e-04 3.11627133e-08 4.45769501e-07
  1.13216077e-08 3.85076731e-07 1.83144273e-08 3.58479610e-06
  1.28793163e-05 5.74681826e-06 7.43493956e-07 2.89841728e-06
  7.14409282e-07 1.14384253e-08 2.63994024e-03 1.87589805e-07
  1.50630134e-04 3.83363813e-02 2.24324199e-03 5.20076323e-03
  1.61153153e-02 4.28617597e-02 4.57403623e-02 1.13715846e-02
  1.27379904e-02 3.26484721e-03 4.53437604e-02 1.51071593e-01
  1.10805690e-01 6.88894540e-02 8.15125555e-02 2.36751977e-02
  2.84924116e-02 6.55720476e-04 2.75548082e-03 2.25096643e-02
  8.46146718e-02 1.32518187e-02 8.75020251e-02 8.51406623e-03
  2.77952896e-03 1.00663016e-02 7.24859396e-03 1.19891195e-02
  2.05809083e-02 2.24778312e-03 1.46757870e-03 4.87220380e-03
  1.44888470e-02 1.38438521e-02]
 [2.36176478e-09 8.37823700e-06 4.79976840e-08 3.58745098e-07
  3.40558914e-09 1.78683379e-07 9.67146363e-08 6.84751467e-06
  3.28887036e-05 1.12897442e-06 7.72307587e-08 2.25555794e-07
  3.08718775e-08 1.08903986e-09 4.48328356e-04 1.07812586e-08
  5.87209943e-05 2.43509710e-02 3.11949011e-03 3.82355577e-03
  1.18376650e-02 2.99832132e-02 3.33490297e-02 1.16322637e-02
  1.76804736e-02 3.67185823e-03 4.88864705e-02 1.27567217e-01
  1.17718168e-01 7.06795231e-02 8.55516717e-02 2.19311249e-02
  2.69743316e-02 7.40681775e-04 3.22390953e-03 2.91494392e-02
  8.87694880e-02 1.60272010e-02 9.56058577e-02 1.18615255e-02
  2.96335155e-03 1.20098749e-02 1.19617814e-02 1.73692033e-02
  2.54327152e-02 2.18250696e-03 1.89595623e-03 5.72569901e-03
  1.81895196e-02 1.75769292e-02]
 [1.21257401e-07 2.64234055e-04 6.62910367e-08 2.07171547e-06
  6.61502000e-08 1.21827509e-06 5.73147680e-08 4.20785254e-05
  9.95700830e-05 1.43880607e-05 2.34472191e-06 1.97237896e-05
  6.04500656e-07 1.07099885e-08 8.46101996e-03 5.34312164e-07
  1.06343745e-04 1.21622816e-01 6.02385029e-03 4.75891540e-03
  1.16149792e-02 3.51833999e-02 3.09159812e-02 9.13424697e-03
  1.75628513e-02 4.41432092e-03 3.54617313e-02 1.07787967e-01
  7.71059468e-02 6.69580624e-02 7.90489540e-02 3.71823460e-02
  4.51799333e-02 1.19508663e-03 4.80601750e-03 2.13169791e-02
  7.90663436e-02 1.34105468e-02 8.60321298e-02 8.72401800e-03
  2.61557964e-03 8.76781903e-03 7.37807667e-03 1.05206501e-02
  1.67194773e-02 1.94451236e-03 1.40564516e-03 4.38292697e-03
  1.55499354e-02 1.71934422e-02]
 [6.41948850e-09 6.85515479e-05 2.40070761e-07 7.71016289e-07
  1.76704962e-08 4.31274799e-07 7.25702876e-07 2.47883818e-05
  1.08285189e-04 5.10015639e-07 2.26283973e-07 3.96410087e-07
  3.64153152e-08 2.54984567e-09 1.65783754e-03 1.79237247e-08
  4.44293073e-05 2.06526928e-02 4.88449819e-03 2.49465043e-03
  7.48360949e-03 2.75152009e-02 2.37873401e-02 9.82391741e-03
  1.46023324e-02 3.41335847e-03 4.96168770e-02 1.12326697e-01
  1.01143353e-01 6.90010116e-02 8.44935253e-02 2.26468593e-02
  2.88557764e-02 1.11636100e-03 4.73704981e-03 3.53838131e-02
  9.85710174e-02 2.00578067e-02 9.83232483e-02 1.51835671e-02
  3.46819242e-03 1.43857496e-02 1.73303150e-02 1.90648586e-02
  3.12587619e-02 2.45867996e-03 2.56034615e-03 5.96699631e-03
  2.27167383e-02 2.27675866e-02]
 [1.04192161e-07 1.24754573e-04 5.29567892e-08 1.84777855e-06
  5.26308845e-08 4.27762672e-07 4.00247693e-08 1.59379579e-05
  2.73173482e-05 4.15294880e-06 1.35617677e-06 1.32418309e-05
  5.43081740e-07 7.45101225e-09 7.42741022e-03 5.98886743e-07
  8.42921436e-05 1.45258978e-01 7.30281929e-03 4.04605176e-03
  7.53346784e-03 3.04400101e-02 2.49730796e-02 8.05096421e-03
  1.62687302e-02 4.59749857e-03 3.47938500e-02 9.66221616e-02
  6.84006363e-02 6.57995641e-02 7.81856254e-02 4.06328253e-02
  5.04246838e-02 1.39138813e-03 5.92659367e-03 2.30747350e-02
  8.06279629e-02 1.45835849e-02 8.78618658e-02 8.77166446e-03
  2.72675557e-03 8.59259255e-03 7.39712734e-03 1.00250635e-02
  1.57319419e-02 1.95513899e-03 1.44401996e-03 4.27633431e-03
  1.60751920e-02 1.85049400e-02]
 [3.49007045e-09 6.02811415e-05 2.18733632e-07 6.29388126e-07
  1.94958503e-08 4.18483495e-07 1.35096502e-06 4.65705307e-05
  1.01841208e-04 3.45930005e-07 1.79872714e-07 2.95889038e-07
  2.42270470e-08 2.43749376e-09 2.06207600e-03 1.65116933e-08
  3.46617890e-05 1.51306782e-02 4.54715174e-03 1.87062693e-03
  5.22897486e-03 2.18819026e-02 1.90597512e-02 9.22965817e-03
  1.54122207e-02 3.56480223e-03 5.10435663e-02 1.03962772e-01
  1.01848252e-01 6.87547922e-02 8.31606984e-02 2.19593644e-02
  2.82220896e-02 1.30052143e-03 5.59769711e-03 3.90042998e-02
  9.89503488e-02 2.20328066e-02 9.97821763e-02 1.78534146e-02
  3.83014791e-03 1.56411398e-02 2.19895113e-02 2.07383893e-02
  3.31624299e-02 2.50150473e-03 3.02372943e-03 6.45033596e-03
  2.53886543e-02 2.55666915e-02]
 [2.01870108e-07 1.51210319e-04 8.40991063e-08 2.51902566e-06
  9.23552861e-08 6.36411585e-07 7.41932809e-08 2.32585189e-05
  4.66496895e-05 4.32674415e-06 2.01955322e-06 1.95233879e-05
  5.47052593e-07 9.74565673e-09 1.41409971e-02 8.81391031e-07
  7.48499297e-05 1.31831288e-01 7.42085092e-03 4.04959358e-03
  6.28606183e-03 2.59141028e-02 2.28161011e-02 6.94469828e-03
  1.72115285e-02 4.13819728e-03 3.60158943e-02 8.99490193e-02
  7.52610862e-02 6.38860166e-02 7.35344887e-02 4.00765873e-02
  4.90523390e-02 1.49798405e-03 6.56292308e-03 2.82404479e-02
  8.38213935e-02 1.54223992e-02 9.62108746e-02 9.57611855e-03
  2.75103026e-03 9.50893946e-03 7.91191310e-03 1.06397206e-02
  1.53460866e-02 2.20366288e-03 1.50691357e-03 4.64978162e-03
  1.63723975e-02 1.89216975e-02]
 [2.36138153e-09 5.26635522e-05 1.77941573e-07 5.24596373e-07
  1.71580581e-08 2.96777671e-07 1.23652535e-06 3.12745760e-05
  5.72899371e-05 2.81634016e-07 1.73018108e-07 2.96160181e-07
  2.14874749e-08 2.30451214e-09 2.26345612e-03 1.76023107e-08
  3.22976302e-05 1.35766258e-02 4.41212207e-03 1.78694108e-03
  5.08493884e-03 2.06195619e-02 1.90194771e-02 8.46589077e-03
  1.50137879e-02 3.41585465e-03 5.36472052e-02 9.94079858e-02
  1.04313090e-01 6.66950867e-02 7.97174424e-02 2.13210732e-02
  2.74687540e-02 1.27392833e-03 5.83987450e-03 4.39116918e-02
  1.01092435e-01 2.29885504e-02 1.08687147e-01 1.73849259e-02
  3.87376477e-03 1.57098211e-02 1.99578498e-02 1.98791903e-02
  3.04618217e-02 2.76146596e-03 2.92391493e-03 6.52754726e-03
  2.50125416e-02 2.53075995e-02]
 [2.34078826e-07 1.84477831e-04 1.23548531e-07 4.10005259e-06
  1.26185640e-07 1.01890134e-06 1.05606951e-07 2.77740201e-05
  5.34902028e-05 6.22671223e-06 2.32399543e-06 2.49462373e-05
  7.03141552e-07 1.26146826e-08 1.69184562e-02 1.04946378e-06
  7.05999628e-05 1.25405520e-01 7.40660308e-03 4.28231014e-03
  5.55406511e-03 2.31004525e-02 2.20365003e-02 6.45150384e-03
  1.92661434e-02 4.37129429e-03 3.72946151e-02 8.52824971e-02
  7.92613700e-02 6.23561740e-02 7.03848675e-02 3.90238054e-02
  4.73463498e-02 1.47592404e-03 6.80566113e-03 3.19333933e-02
  8.47379863e-02 1.61190964e-02 1.03140615e-01 9.97167453e-03
  2.77381809e-03 9.86124016e-03 7.86612369e-03 1.07056582e-02
  1.43751809e-02 2.33495422e-03 1.50677608e-03 4.77725314e-03
  1.63641926e-02 1.91305950e-02]
 [2.02520822e-09 5.94943995e-05 1.72170047e-07 5.12577344e-07
  1.58807456e-08 2.26009561e-07 1.06001266e-06 2.37832246e-05
  4.62797434e-05 2.27759585e-07 1.51230893e-07 2.81225454e-07
  1.83545268e-08 1.95524286e-09 2.31426326e-03 1.84888336e-08
  2.70562286e-05 1.23302480e-02 4.34216624e-03 1.76331401e-03
  4.81554121e-03 1.91064887e-02 1.83858089e-02 7.70594273e-03
  1.48741743e-02 3.24412808e-03 5.51349185e-02 9.29776058e-02
  1.06292576e-01 6.44338727e-02 7.60226473e-02 2.06929948e-02
  2.65502688e-02 1.27140095e-03 6.11098018e-03 4.98787984e-02
  1.01647019e-01 2.39315629e-02 1.16664544e-01 1.77235473e-02
  3.89357680e-03 1.62702687e-02 1.93593539e-02 1.95384454e-02
  2.90865805e-02 3.00447224e-03 2.93513411e-03 6.68983674e-03
  2.51859538e-02 2.56623067e-02]
 [2.61205543e-07 1.88548496e-04 1.40743026e-07 5.55515908e-06
  1.46946775e-07 1.40392410e-06 1.25466983e-07 3.19190513e-05
  5.31896731e-05 8.14837131e-06 2.48459605e-06 2.78399184e-05
  7.65890263e-07 1.39958862e-08 1.81557182e-02 1.10920655e-06
  6.76805357e-05 1.19198203e-01 7.26354448e-03 4.46503283e-03
  5.08537004e-03 2.12529432e-02 2.14201212e-02 6.16340851e-03
  2.10441481e-02 4.63328324e-03 3.87142710e-02 8.30765367e-02
  8.23781639e-02 6.21477664e-02 6.93694726e-02 3.86432074e-02
  4.66485806e-02 1.43613480e-03 6.94074528e-03 3.44296061e-02
  8.47782791e-02 1.65995713e-02 1.07592985e-01 1.00867841e-02
  2.77805864e-03 9.88010131e-03 7.68332370e-03 1.05022434e-02
  1.34514635e-02 2.39272625e-03 1.48571364e-03 4.79268841e-03
  1.61422566e-02 1.89782176e-02]]
44520173-Q7203799	[[2.46764772e-04 6.88468688e-04 2.13653874e-03 3.64729501e-02
  1.56729653e-01 1.33079360e-04 8.64674977e-04 9.98751968e-02
  6.19740633e-04 3.78061901e-03 1.84544668e-01 3.74986053e-01
  1.39749158e-04 3.41077633e-02 9.47277173e-02 9.27600637e-03
  3.45955705e-05 4.31834706e-05 2.39946185e-05 8.88832710e-06
  3.11078948e-05 1.63256991e-05 1.01206197e-05 2.65509843e-05
  1.46053044e-05 5.43385722e-05 2.34994604e-05 2.32716648e-05
  1.15213115e-05 1.89594321e-05 1.54486697e-05 2.75672137e-05
  2.14645170e-05 9.60392117e-06 1.79686867e-05 7.95385495e-06
  1.30128183e-05 2.16643293e-05 1.86991492e-05 1.44777196e-05
  4.10873363e-05 1.80981879e-05 1.30210246e-05 8.53898928e-06
  6.55523581e-06 9.49640526e-06 2.31701306e-05 5.27383918e-06
  1.75342902e-05 1.88077793e-05]
 [1.65738413e-06 8.12572369e-04 2.20859679e-03 2.06379052e-02
  2.31905475e-01 1.29088134e-04 7.17233540e-03 2.26489320e-01
  3.71300208e-04 6.77203701e-04 2.76582658e-01 7.34370425e-02
  4.03395206e-05 1.14441849e-01 4.18547951e-02 1.01252983e-03
  1.77508453e-04 8.46648763e-05 1.44248057e-04 7.62656055e-05
  9.76226220e-05 2.00569648e-05 5.86551032e-05 4.56472335e-05
  1.41864002e-05 1.70663861e-05 4.71684616e-05 3.58320358e-05
  2.04569988e-05 2.13946951e-05 3.59790720e-05 3.47995883e-05
  5.30906691e-05 1.00647318e-04 5.62890273e-05 4.98976187e-05
  4.73988948e-05 4.04774801e-05 1.31782377e-04 3.28301576e-05
  7.69960388e-05 2.41450252e-05 4.26727784e-05 6.39265709e-05
  3.27397647e-05 2.64989969e-04 9.66299485e-05 8.36336694e-05
  5.67340212e-05 3.89067318e-05]
 [1.85273727e-10 3.63497088e-06 1.68539998e-07 4.60546374e-07
  3.96937276e-06 4.30403379e-05 2.05158540e-06 2.90991156e-05
  1.57895801e-03 1.50862104e-06 3.72451104e-05 2.10003465e-01
  1.61655043e-04 8.89543371e-05 7.76028335e-01 1.12923989e-02
  2.04687982e-04 2.10211525e-04 2.33025610e-04 2.07174162e-05
  1.46162220e-05 1.92684342e-06 3.50039772e-06 1.26745658e-06
  3.18221140e-07 9.22840684e-08 2.15445425e-06 2.72032617e-06
  6.83990663e-07 7.43652549e-07 1.19781532e-06 1.79184281e-06
  2.08755137e-06 5.59313958e-06 4.11173374e-07 5.89835906e-07
  8.72181602e-07 1.69728295e-07 1.37939503e-06 1.58984903e-07
  1.40201701e-06 1.35793448e-06 2.27876035e-06 3.18426828e-06
  9.86226723e-07 2.47367711e-06 7.31338901e-07 1.25206452e-06
  2.69991972e-07 1.69132704e-07]
 [7.74683429e-08 5.38741988e-05 4.17133515e-06 3.37712481e-05
  3.60603823e-04 9.70869587e-06 1.87220983e-02 6.32928335e-04
  1.40986464e-04 5.59288810e-06 1.31088858e-02 5.74074239e-02
  2.02265475e-02 4.69143778e-01 4.10297245e-01 6.50748657e-03
  2.45676539e-03 7.32600689e-04 1.05293009e-04 9.05860088e-06
  4.77587810e-06 7.94300774e-07 1.42413080e-06 1.91863046e-06
  1.04541535e-07 3.22398819e-08 9.08301615e-07 1.27735109e-06
  1.61204571e-06 7.41225392e-07 6.30278578e-07 6.76034176e-07
  7.45634452e-07 3.22333062e-06 5.98590987e-07 6.01653539e-07
  7.47501304e-07 3.48843827e-07 1.21549749e-06 9.05819348e-08
  3.75678951e-06 1.23742075e-06 3.71409806e-06 4.83228996e-06
  3.88020169e-07 1.29542752e-06 1.69849977e-06 1.13117494e-06
  3.83116515e-07 2.37272289e-07]
 [2.07962603e-06 1.19983917e-03 1.83947759e-06 2.81601737e-04
  2.28332010e-05 1.83163545e-04 2.30340008e-03 1.48249760e-01
  1.58150680e-02 3.96201722e-02 9.57453549e-02 5.93832918e-02
  3.99919692e-03 9.67990980e-03 4.03310865e-01 1.54448062e-01
  2.06815894e-03 2.18879562e-02 1.93508361e-02 2.78957793e-03
  3.51683376e-03 6.83757942e-04 8.82378139e-04 9.61814832e-04
  1.52951088e-05 1.54876434e-05 2.06140685e-04 1.06989197e-03
  2.35666332e-04 1.92490596e-04 4.84257122e-04 3.18650302e-04
  7.27339298e-04 2.57233763e-03 4.76662623e-04 1.41632481e-04
  5.65762923e-04 2.59473891e-04 2.92447978e-04 1.58305294e-04
  4.81378840e-04 4.49657440e-04 1.05616718e-03 8.41731147e-04
  3.00323183e-04 1.35504070e-03 5.08295838e-04 3.23389366e-04
  3.24448018e-04 2.39978574e-04]
 [4.08187316e-06 9.43128893e-04 5.98359294e-03 2.47456948e-03
  9.20252688e-03 1.72128286e-02 2.15374023e-01 1.80581752e-02
  9.41986069e-02 2.54795067e-02 7.64374947e-03 1.20577052e-01
  1.41730517e-01 8.62023234e-03 2.95074165e-01 7.30628660e-03
  2.10172054e-03 4.81771817e-03 1.09391259e-02 1.23204442e-03
  3.21681320e-04 1.55839414e-04 1.43738624e-04 3.05996189e-04
  2.12098985e-05 3.30228540e-05 5.93983495e-05 4.06159554e-04
  1.44138074e-04 2.95657373e-04 3.12404503e-04 3.13958473e-04
  3.64276872e-04 1.22546463e-03 6.02564367e-04 1.70070518e-04
  7.44973950e-04 6.19707862e-04 2.23751296e-04 2.50216224e-04
  3.25535279e-04 2.73846497e-04 4.44513076e-04 3.37998412e-04
  2.23320574e-04 4.11096436e-04 5.77020925e-04 4.52849548e-04
  7.10330845e-04 5.55629435e-04]
 [1.06846009e-07 4.02419036e-03 2.14348570e-03 2.27545388e-03
  5.13047073e-03 1.44695425e-02 2.36378575e-04 1.04700841e-01
  5.02699167e-02 5.23139894e-01 5.54867387e-02 2.03800157e-01
  1.18739881e-04 1.61288073e-03 2.99193226e-02 1.14135887e-03
  3.63450963e-04 3.30656942e-04 6.30565046e-05 2.75357361e-05
  2.05185250e-04 1.06123480e-05 2.37450786e-05 2.46657783e-06
  6.28483031e-05 8.61996523e-06 4.71004523e-06 8.07779270e-06
  2.83338773e-06 1.04013525e-05 4.18277386e-06 1.44331098e-05
  5.64060656e-06 4.53653447e-05 4.87769421e-06 6.40633925e-06
  1.36753442e-05 4.33771083e-06 4.14931528e-05 9.67859069e-06
  2.25602525e-05 6.17954629e-06 1.59440933e-05 7.22991535e-06
  6.95576682e-06 1.21096709e-04 3.65870505e-06 5.50065706e-05
  7.34779087e-06 1.02912563e-05]
 [3.39336857e-11 1.66400326e-07 2.21956107e-05 4.65991943e-05
  7.14350244e-05 1.31368125e-07 1.09801294e-04 1.13671274e-04
  4.07777094e-07 4.42459532e-06 9.98464108e-01 2.61354289e-04
  2.22433800e-06 4.40671312e-04 4.52756329e-04 2.54047364e-07
  1.50269182e-06 3.00761872e-06 2.29576159e-07 3.16283803e-07
  4.93263940e-07 2.62702677e-08 3.96419011e-07 3.57545886e-08
  3.69107681e-07 3.36436621e-08 4.42064731e-08 2.31486563e-08
  2.89170892e-08 7.66149526e-08 2.40768081e-08 6.94123017e-08
  1.87872669e-08 9.22553625e-08 1.27307347e-08 3.43645290e-08
  2.25137793e-08 7.91083288e-09 2.85613538e-07 2.85568209e-08
  1.65649823e-07 3.27529790e-08 1.63543916e-07 2.00002077e-07
  4.35222738e-08 1.08820745e-06 8.65687468e-08 7.73071065e-07
  8.11532175e-08 1.02039103e-07]
 [1.39587985e-06 6.86707717e-05 1.10137171e-05 2.35600906e-04
  5.97574899e-06 5.67139466e-07 6.44763582e-04 4.88452315e-05
  2.38691200e-07 2.24641282e-02 9.71738994e-01 5.22871502e-04
  2.58426904e-03 9.60083969e-04 7.17771691e-05 5.80750348e-04
  1.43640807e-06 6.44673128e-06 4.55898942e-07 3.10908081e-06
  1.30191722e-06 1.44964616e-07 1.68179463e-06 2.71153368e-07
  9.02367901e-06 2.22785638e-06 1.31397280e-06 7.59611680e-07
  2.75088439e-07 3.95416635e-07 5.33796481e-07 8.77938874e-07
  8.61829676e-07 3.08414451e-06 1.00401837e-06 9.81982680e-07
  7.46034175e-07 3.17947780e-07 1.76999106e-06 3.17452077e-07
  7.33877812e-07 6.02845830e-07 1.68062252e-06 4.83902511e-07
  3.96237681e-07 1.14037912e-05 9.17469720e-07 3.04185915e-06
  5.66748099e-07 7.64622314e-07]
 [1.60023701e-05 3.93313758e-06 1.21220128e-05 5.09478050e-05
  2.71109320e-06 9.31891648e-08 1.48221461e-05 1.14833892e-06
  1.17540331e-07 1.59869045e-02 9.72453892e-01 1.37817624e-04
  1.03081884e-02 8.60662258e-04 5.48482740e-06 1.37083436e-04
  2.02672595e-07 1.25717816e-06 1.15502935e-07 6.71474140e-07
  1.01617289e-07 2.46934224e-08 2.42076936e-07 3.57493484e-08
  8.31862280e-07 4.19628691e-07 1.54951536e-07 9.13773164e-08
  3.80224812e-08 4.76957887e-08 6.19924094e-08 1.06215474e-07
  9.09986682e-08 1.56062484e-07 1.20173013e-07 1.79547357e-07
  1.15287236e-07 6.01908567e-08 3.84367752e-07 4.52748417e-08
  1.46597912e-07 1.23566309e-07 1.85949133e-07 6.12362925e-08
  3.82311889e-08 1.55104942e-06 9.38627451e-08 1.69975166e-07
  4.86699108e-08 7.49633315e-08]
 [1.25159422e-04 5.34980200e-06 5.12073966e-05 6.07643742e-05
  2.25476970e-06 3.81528515e-08 5.12097131e-06 1.65310666e-06
  1.28974804e-07 5.02625713e-03 9.91126239e-01 1.36731192e-04
  2.56456318e-03 8.55954888e-04 4.75636125e-06 3.04891619e-05
  6.21444869e-08 3.95893295e-07 4.16583781e-08 3.84205833e-07
  4.65172683e-08 1.02546274e-08 1.18160301e-07 1.58359441e-08
  2.63102038e-07 1.99659709e-07 4.33749854e-08 2.64800306e-08
  1.19182415e-08 1.34076572e-08 1.71162711e-08 3.01740783e-08
  2.63596451e-08 4.07703524e-08 3.63993173e-08 6.33632879e-08
  4.83733480e-08 2.43108911e-08 1.82816436e-07 2.13022346e-08
  8.37169480e-08 6.18118321e-08 6.46852740e-08 2.64216080e-08
  1.57003939e-08 7.47798083e-07 4.47470825e-08 8.51024708e-08
  2.48502197e-08 3.62135211e-08]
 [4.73704946e-04 5.22886648e-06 4.62081553e-05 2.56858912e-05
  1.43863247e-06 9.92574911e-08 3.93848768e-06 3.17968244e-07
  1.29896179e-07 4.26888408e-04 9.97307539e-01 1.41398574e-04
  8.24083749e-04 6.57488243e-04 5.30321486e-05 2.04429871e-05
  1.45231198e-07 1.46747857e-06 2.11345210e-07 5.49894196e-07
  9.23705699e-08 4.93908487e-08 6.02038369e-07 8.14634333e-08
  1.05791082e-06 9.86842338e-07 4.01654120e-07 2.41569893e-07
  1.10900942e-07 1.18642816e-07 1.26565439e-07 2.51455901e-07
  1.88621144e-07 2.57940712e-07 2.71886279e-07 3.32042077e-07
  3.45071612e-07 1.67756085e-07 4.72867612e-07 1.10997014e-07
  4.62153793e-07 3.30623948e-07 3.12903722e-07 1.47601838e-07
  7.45119095e-08 1.31196509e-06 2.50960454e-07 4.11495250e-07
  1.51775410e-07 2.02612355e-07]
 [7.62391646e-05 2.17691331e-06 7.66689482e-06 9.89447472e-06
  8.74276338e-07 5.34974696e-08 1.87012597e-06 3.41955513e-07
  1.72416463e-07 3.01279651e-04 9.98829424e-01 1.07106942e-04
  2.99136707e-04 3.35386780e-04 1.86768175e-05 1.90807691e-06
  1.09688891e-07 1.62378512e-06 3.07729891e-07 4.26532239e-07
  8.65827516e-08 6.52723671e-08 7.12745361e-07 8.27735178e-08
  7.79717539e-07 5.79832147e-07 2.27736294e-07 1.19243424e-07
  6.12242275e-08 6.73559057e-08 6.89988582e-08 1.53714367e-07
  1.12435075e-07 1.34519681e-07 1.58329485e-07 1.91505819e-07
  1.77431588e-07 9.86914301e-08 1.68648754e-07 3.93452666e-08
  1.48585784e-07 1.20583692e-07 1.19199100e-07 6.64595348e-08
  2.59753463e-08 2.68080584e-07 8.75859882e-08 1.58934014e-07
  8.63273186e-08 1.26836682e-07]
 [3.43127467e-05 1.22506117e-06 1.03599916e-06 6.34456273e-06
  8.41416636e-07 1.48987507e-08 8.81468338e-07 1.74226003e-07
  2.95645570e-08 7.62022100e-05 9.99425530e-01 4.63406141e-05
  1.13399743e-04 2.76829756e-04 7.38308427e-06 8.17905402e-07
  1.02791084e-07 1.52164557e-06 3.47807088e-07 3.50817913e-07
  1.06443736e-07 1.07351852e-07 1.14057968e-06 1.23660953e-07
  8.78600588e-07 5.65271762e-07 2.92235910e-07 1.62184151e-07
  8.61486598e-08 9.20902110e-08 9.07017395e-08 2.03618185e-07
  1.45315497e-07 1.50417250e-07 1.89923384e-07 2.39119544e-07
  2.19083418e-07 1.26104041e-07 1.53665511e-07 3.76497731e-08
  1.31009585e-07 1.16968238e-07 1.15151963e-07 7.17535826e-08
  2.60168367e-08 1.74206392e-07 8.30049416e-08 1.53960201e-07
  9.98284619e-08 1.42806854e-07]
 [3.26405570e-05 9.69413350e-07 2.33562673e-07 5.39699522e-06
  1.18007245e-06 4.57842031e-09 4.72243983e-07 1.76016258e-07
  5.50488721e-09 2.08461515e-05 9.99592006e-01 2.10534145e-05
  2.92671484e-05 2.80072039e-04 3.73002786e-06 4.97672431e-07
  8.84745504e-08 1.17910395e-06 2.84662008e-07 3.45972580e-07
  1.86383502e-07 1.81986422e-07 1.95006487e-06 1.97181492e-07
  1.27825365e-06 7.40318001e-07 4.53255637e-07 2.70557592e-07
  1.45292873e-07 1.48014450e-07 1.45458117e-07 3.14309716e-07
  2.25066202e-07 2.09233292e-07 2.60452396e-07 3.77172370e-07
  3.35348574e-07 1.92997916e-07 2.28984220e-07 5.51373809e-08
  1.69702176e-07 1.64111967e-07 1.57754982e-07 1.06818227e-07
  4.14430694e-08 2.35191223e-07 1.12424274e-07 2.25235382e-07
  1.48965782e-07 2.06905142e-07]
 [3.96562682e-05 5.55940233e-07 9.88036177e-08 6.18462991e-06
  1.86879265e-06 1.71099201e-09 2.87654615e-07 2.17203933e-07
  1.45238266e-09 6.98584290e-06 9.99659657e-01 1.16843221e-05
  6.72595661e-06 2.42407812e-04 2.36772576e-06 3.46908564e-07
  9.75261187e-08 1.14943839e-06 2.76852745e-07 4.87901389e-07
  4.36855487e-07 3.73423632e-07 3.99775672e-06 3.85134456e-07
  2.50002950e-06 1.38038536e-06 9.38513892e-07 6.01380748e-07
  3.26370952e-07 3.14728140e-07 3.09781939e-07 6.36496907e-07
  4.57424818e-07 3.80567286e-07 4.61781127e-07 7.46758531e-07
  6.65103016e-07 3.75321605e-07 4.61037047e-07 1.10385393e-07
  2.94765840e-07 3.02431886e-07 2.81906949e-07 2.06984254e-07
  8.95062726e-08 4.64707057e-07 2.04118180e-07 4.51247928e-07
  2.89725278e-07 3.94698787e-07]
 [1.06913067e-04 3.18901186e-07 8.87662068e-08 1.20000504e-05
  2.90542516e-06 9.75667769e-10 1.89688365e-07 2.43039125e-07
  1.02034792e-09 6.94996606e-06 9.99613941e-01 1.09279836e-05
  3.20194727e-06 1.82978649e-04 1.78302059e-06 3.99312569e-07
  1.89683846e-07 2.10626990e-06 4.67077911e-07 1.09881410e-06
  1.39259919e-06 1.15250850e-06 1.04084493e-05 9.41385110e-07
  7.70545194e-06 4.04792263e-06 2.69295106e-06 1.85272415e-06
  1.05737740e-06 9.50062315e-07 9.42056829e-07 1.86559475e-06
  1.34869435e-06 1.01113551e-06 1.19500919e-06 2.03413470e-06
  1.83541579e-06 1.01218995e-06 1.26048280e-06 3.27887761e-07
  7.30116938e-07 7.89023147e-07 7.00840076e-07 5.90132174e-07
  2.91494587e-07 1.37973666e-06 5.30822490e-07 1.32471757e-06
  8.03031469e-07 1.14085026e-06]
 [5.45282615e-04 1.52084553e-07 7.97165143e-08 1.92386615e-05
  3.87548062e-06 6.65960453e-10 1.30840021e-07 2.53039161e-07
  1.45653745e-09 1.37683301e-05 9.99157786e-01 9.94933453e-06
  2.65208428e-06 1.42562436e-04 1.40422219e-06 4.15531275e-07
  2.89294405e-07 2.74850277e-06 5.31537466e-07 1.59798378e-06
  2.51614711e-06 2.17910201e-06 1.67678936e-05 1.21497033e-06
  1.40159646e-05 6.65040307e-06 5.54025337e-06 3.86885995e-06
  2.43194472e-06 1.95365078e-06 1.97754935e-06 3.76075809e-06
  2.76419541e-06 2.02368119e-06 2.18197374e-06 3.88098078e-06
  3.44925911e-06 1.81549581e-06 2.32222715e-06 6.67413644e-07
  1.13712485e-06 1.34604795e-06 1.10537189e-06 1.10982944e-06
  6.64272363e-07 2.92174764e-06 8.42480631e-07 2.70372698e-06
  1.42329452e-06 2.16434910e-06]
 [5.88660175e-03 1.18865039e-07 1.21424520e-07 5.04916570e-05
  5.32002650e-06 6.07170370e-10 2.15647091e-07 4.04964226e-07
  2.17342766e-09 4.83990552e-05 9.93695319e-01 9.24532651e-06
  3.67717553e-06 1.40550546e-04 1.00504519e-06 4.91161416e-07
  3.89046818e-07 2.61949913e-06 4.73686441e-07 1.73058083e-06
  3.75448167e-06 3.36139010e-06 2.45207593e-05 1.14828697e-06
  1.98536327e-05 7.81185099e-06 1.00155139e-05 6.64566460e-06
  4.88581509e-06 3.25719748e-06 3.43173360e-06 6.17659043e-06
  4.70147506e-06 3.96047380e-06 3.51192898e-06 6.73703153e-06
  5.63475851e-06 2.74613285e-06 3.94135168e-06 1.24561359e-06
  1.45062700e-06 1.96728570e-06 1.44171327e-06 1.77072502e-06
  1.40215275e-06 6.01414422e-06 1.04732942e-06 5.12525867e-06
  2.04803882e-06 3.32333457e-06]
 [5.26063330e-02 3.11321656e-07 5.49787160e-07 2.00633498e-04
  7.79755828e-06 1.12906007e-09 5.72280044e-07 7.80260564e-07
  4.76670392e-09 2.47112650e-04 9.46487367e-01 1.44392070e-05
  1.92447242e-05 2.21294584e-04 6.78787103e-07 1.07906101e-06
  4.02334194e-07 2.21494292e-06 4.05425141e-07 1.65965298e-06
  4.83327767e-06 4.46271679e-06 3.06011425e-05 1.00455998e-06
  2.48996530e-05 9.03020737e-06 1.05494628e-05 7.27242923e-06
  6.10773850e-06 3.40710881e-06 3.80257211e-06 6.54737460e-06
  5.27802968e-06 5.61821389e-06 4.44424541e-06 7.65754794e-06
  6.69470046e-06 3.26976988e-06 5.21739457e-06 2.03375976e-06
  1.72634384e-06 1.95799566e-06 1.38014411e-06 2.17303250e-06
  2.31076888e-06 9.55858013e-06 1.14763850e-06 7.35123876e-06
  2.41274142e-06 4.35368702e-06]]
44520173-Q13715201	[[5.21356415e-04 4.86964564e-04 4.11545578e-03 2.38687210e-02
  1.00660987e-01 1.45892220e-04 5.81523345e-04 1.38528170e-02
  1.75975758e-04 7.24747311e-04 2.44797796e-01 4.57511753e-01
  3.02090106e-04 9.07176957e-02 5.46878129e-02 6.22574706e-03
  3.13935307e-05 4.24010577e-05 2.41886009e-05 9.48737306e-06
  3.78411823e-05 1.56364713e-05 1.15532976e-05 2.37786680e-05
  1.41916071e-05 4.22461417e-05 1.66920054e-05 1.66037644e-05
  8.62174329e-06 1.63367004e-05 1.35588489e-05 2.48501747e-05
  1.97812678e-05 9.64354422e-06 1.67443650e-05 7.71512168e-06
  1.17325390e-05 2.04130483e-05 1.69769191e-05 1.48482168e-05
  3.90480127e-05 1.77946440e-05 1.24480912e-05 8.07486776e-06
  6.39856853e-06 9.71824284e-06 2.25208787e-05 5.04341733e-06
  1.68271272e-05 1.75084260e-05]
 [1.57428102e-03 2.51225442e-01 1.03179934e-02 7.05265850e-02
  2.54165884e-02 9.79699544e-04 1.84779968e-02 2.93886781e-01
  5.67723475e-02 1.32562080e-02 3.47302444e-02 2.36562826e-02
  6.55472337e-04 4.37210035e-03 4.15897882e-03 1.33363984e-03
  6.27447094e-04 1.99138769e-03 7.34059978e-03 7.54807936e-03
  5.41618094e-02 7.52737839e-03 1.35029620e-02 1.92557985e-03
  5.81969856e-04 4.46798571e-04 1.23796810e-03 6.07840903e-03
  1.41024950e-03 1.98378298e-03 5.25509613e-03 4.23751445e-03
  8.44707899e-03 8.61514080e-03 3.13834264e-03 1.84550218e-03
  6.89269928e-03 2.63661612e-03 6.07856456e-03 2.61330465e-03
  7.89175625e-04 4.86713107e-04 6.58133824e-04 1.30881439e-03
  5.68386912e-03 1.70832220e-02 1.05580967e-03 2.49216147e-03
  1.65523333e-03 1.32196839e-03]
 [1.17816217e-03 7.12200776e-02 1.50026232e-01 7.72845000e-03
  4.43201028e-02 6.76852763e-02 1.65362105e-01 1.00426517e-01
  2.27538534e-02 1.41059235e-02 8.82994942e-03 5.85839804e-03
  3.11568752e-03 3.27519886e-03 2.85070250e-03 7.36636529e-03
  9.84792830e-04 4.51844465e-03 2.16044877e-02 3.72663536e-03
  4.42368397e-03 5.21553727e-03 6.35117618e-03 5.57056488e-03
  8.28469638e-04 1.30427582e-03 2.50368752e-03 1.81251820e-02
  7.08511844e-03 7.25431321e-03 1.63443051e-02 9.48392786e-03
  2.05973554e-02 1.21777775e-02 1.67266745e-02 5.88885881e-03
  2.81959604e-02 1.97144765e-02 1.08734230e-02 1.26150893e-02
  3.42537998e-03 2.62227235e-03 2.90134433e-03 3.61507270e-03
  1.01289200e-02 1.45298513e-02 7.57779740e-03 7.68987602e-03
  1.70248356e-02 1.22673782e-02]
 [1.88368733e-06 9.58676450e-04 9.30566251e-01 5.02140436e-04
  3.88131961e-02 1.44396012e-03 1.32488739e-02 2.16065673e-03
  1.04756211e-03 4.53687645e-03 4.99182963e-04 2.43314751e-03
  3.54359322e-03 2.04431213e-04 1.00265916e-05 2.24250180e-05
  5.71269879e-07 4.05278058e-07 2.22088673e-07 1.34391129e-07
  3.41836625e-07 1.31379664e-07 1.93067550e-07 2.48080418e-08
  3.12929217e-07 8.07562373e-08 7.34391250e-08 3.93590938e-08
  7.18137585e-08 6.24612184e-08 6.27750865e-08 1.25653017e-07
  1.27697277e-07 6.45166665e-07 3.50734922e-07 1.25771336e-07
  8.13902403e-08 1.97787628e-07 3.65500824e-07 8.40489918e-08
  1.11189983e-07 2.72748988e-08 3.31876464e-08 7.36655537e-08
  6.26903756e-08 1.12183591e-06 6.23376692e-08 4.00279163e-07
  1.25748684e-07 2.39631134e-07]
 [1.04485207e-06 1.13835522e-05 4.13856542e-05 9.44737017e-01
  3.46380249e-02 6.60960404e-06 1.56898459e-04 2.00111251e-02
  2.49007804e-04 3.53544056e-06 2.27268302e-07 9.24234846e-05
  6.82748009e-07 5.82262487e-07 4.40080621e-05 2.44757530e-07
  5.26981090e-08 1.08901631e-07 6.35220587e-08 1.41813405e-08
  2.08108062e-07 4.23309565e-08 1.75808680e-07 1.16096937e-08
  1.03887409e-07 2.96254203e-08 8.39237924e-09 1.21764199e-08
  2.00124024e-08 2.18281286e-08 3.29279182e-08 4.72747850e-08
  6.31832364e-08 3.88390902e-07 1.13186104e-07 4.12025081e-08
  4.16738821e-08 5.34209903e-08 2.87351583e-07 1.16666143e-07
  5.09017006e-08 2.66601443e-08 1.67254868e-08 6.23720169e-08
  1.24865977e-07 3.32636159e-06 3.67369708e-08 1.94129797e-07
  4.20488284e-08 5.73170560e-08]
 [6.18645188e-08 2.90287403e-06 3.32775671e-05 4.34363144e-04
  9.95906591e-01 1.60708174e-03 1.65753067e-04 7.08388252e-05
  1.65309082e-03 5.84799409e-08 2.51384318e-08 3.56909295e-05
  2.27964802e-06 4.53918467e-08 5.47377567e-05 6.56430620e-06
  4.91318247e-07 7.24192660e-07 5.40546012e-07 6.74652938e-07
  2.13142107e-06 2.64133632e-07 1.85125452e-06 1.89122972e-07
  2.23796610e-06 2.25608773e-07 2.59422848e-07 8.11970864e-08
  6.92771707e-08 1.89991241e-07 1.22388755e-07 3.71644688e-07
  2.21419455e-07 1.80559755e-06 3.37441207e-07 1.99223251e-07
  1.24540605e-07 1.63800649e-07 3.89862350e-07 2.30097356e-07
  1.76353794e-07 1.35894226e-07 6.13274835e-08 3.31182832e-07
  3.66820643e-07 9.25866516e-06 3.88259451e-07 1.56652368e-06
  1.89847611e-07 1.88869734e-07]
 [3.38871438e-08 3.84025554e-07 6.43052863e-06 2.63413966e-08
  9.27719702e-06 9.98471081e-01 3.84213519e-04 4.30132568e-05
  1.05918210e-03 1.04364240e-07 2.54597399e-10 3.74786532e-06
  2.48877861e-08 5.73288261e-09 1.38145288e-06 5.64991012e-07
  1.32507196e-08 5.48637358e-09 8.77667006e-09 1.13205028e-08
  2.16969696e-07 3.87956725e-08 3.52569060e-07 2.06762305e-08
  4.03309087e-07 3.96096240e-08 4.81079852e-08 9.75862804e-08
  3.76677392e-08 1.06327683e-07 8.73880595e-08 1.88663719e-07
  1.36231947e-07 6.66375740e-07 3.94312778e-08 3.51531462e-08
  8.49142268e-08 3.08727302e-08 1.95490827e-07 1.33167788e-07
  6.34624655e-08 1.11841828e-07 6.29946584e-08 4.76583921e-07
  1.55868759e-06 1.44012211e-05 1.03370517e-07 6.48048456e-07
  5.87907714e-08 5.28120054e-08]
 [3.65791628e-08 2.71569739e-10 2.70994107e-08 1.34130772e-07
  5.22475921e-06 3.02443527e-06 9.99976993e-01 1.16770134e-05
  9.64647029e-07 1.90425911e-10 1.52610994e-07 6.06730577e-09
  2.66164868e-09 2.45629735e-07 1.36404049e-06 6.73348000e-09
  2.04777528e-09 1.47242185e-09 6.52694399e-10 2.58063321e-10
  1.39686640e-09 8.10516265e-10 7.66246799e-09 2.69708456e-09
  1.18809473e-09 1.37527753e-10 3.88907739e-10 6.56890820e-10
  1.98849670e-09 2.48924326e-09 9.73811143e-10 1.07261744e-09
  6.96869284e-10 2.87136537e-09 4.62599320e-10 2.81429130e-10
  4.33074993e-10 3.81355031e-10 9.53485291e-10 3.54089674e-10
  1.27512578e-09 7.15002557e-10 1.91427829e-09 7.40582529e-09
  2.45244203e-09 5.14672500e-08 4.98161379e-09 4.69350603e-09
  6.49652721e-10 3.42326612e-10]
 [1.30116895e-08 1.23302105e-10 1.01702319e-07 2.45241805e-09
  8.03344324e-09 1.05493591e-07 9.99999642e-01 1.29712816e-07
  1.31976758e-08 4.02498507e-10 9.05003894e-09 3.03619890e-12
  9.31141886e-10 2.56867616e-09 5.02073882e-10 2.49947507e-10
  5.03110886e-11 5.68981494e-11 3.32827862e-11 1.48824009e-11
  3.33238853e-11 4.72661389e-11 3.08829462e-10 1.49347576e-10
  1.38091261e-10 8.59765106e-11 1.19906224e-10 1.32774486e-10
  2.40568926e-10 1.47354448e-10 1.14339836e-10 9.58725668e-11
  1.03328374e-10 2.70407752e-10 9.94776345e-11 4.68938360e-11
  9.54927873e-11 6.61355831e-11 5.90775484e-11 4.52638552e-11
  1.21658891e-10 1.10111704e-10 2.86224267e-10 5.62972113e-10
  2.26661398e-10 1.43365941e-09 3.81753740e-10 2.66728806e-10
  6.90589044e-11 4.52160497e-11]
 [3.45830387e-08 7.35319972e-10 8.22556672e-07 2.32962041e-08
  1.46576875e-08 1.43079802e-07 9.99998689e-01 2.04615077e-07
  2.39476172e-08 1.34824610e-10 3.36120536e-08 3.73801294e-12
  3.94615979e-10 1.06724949e-08 5.63745273e-10 3.59967306e-10
  3.59538427e-10 3.89388272e-10 2.35233166e-10 9.12418613e-11
  2.54042259e-10 3.96801730e-10 1.74427184e-09 1.09545018e-09
  1.32078048e-09 4.88923291e-10 5.89585325e-10 6.66828703e-10
  1.39692335e-09 9.16586085e-10 6.26150465e-10 5.88386728e-10
  5.65416602e-10 1.60826608e-09 5.84707116e-10 3.00171388e-10
  4.26625457e-10 3.72195941e-10 3.02160602e-10 2.69170436e-10
  6.59237165e-10 6.71492306e-10 1.68151493e-09 3.18718318e-09
  1.24045318e-09 5.79704817e-09 1.92363503e-09 1.45127443e-09
  4.23601848e-10 3.02872644e-10]
 [1.64065987e-08 1.12766330e-09 4.48520780e-07 1.92207370e-08
  2.18217782e-08 1.70456673e-07 9.99998808e-01 2.98097888e-07
  3.17422675e-08 1.42969803e-10 5.44800791e-08 3.47392579e-12
  3.59149210e-10 1.38123690e-08 3.66388586e-10 3.60864477e-10
  1.15801513e-09 1.50852275e-09 8.67548200e-10 2.47288939e-10
  6.87623569e-10 1.27900224e-09 4.24704005e-09 2.95155611e-09
  3.91712618e-09 1.05300413e-09 1.29252464e-09 1.54170932e-09
  3.21571192e-09 2.25384844e-09 1.44785450e-09 1.51091573e-09
  1.38053557e-09 4.32821201e-09 1.49714030e-09 8.03255962e-10
  1.14076659e-09 9.01316244e-10 5.75542281e-10 5.27047350e-10
  1.17050392e-09 1.32403444e-09 3.39035244e-09 6.47019682e-09
  2.53833643e-09 8.36885761e-09 4.08388656e-09 3.26671956e-09
  9.83396586e-10 6.44807929e-10]
 [2.43351082e-08 3.48079210e-09 1.10437838e-06 8.28336724e-08
  3.47509577e-08 1.35322153e-07 9.99997735e-01 3.25093794e-07
  1.81805664e-08 2.00990211e-10 8.48829771e-08 3.08636602e-12
  4.92797914e-10 2.33521451e-08 2.47628529e-10 8.23193402e-10
  6.67539757e-09 8.96303032e-09 4.89275687e-09 1.14556009e-09
  3.41776718e-09 7.63837438e-09 2.03990513e-08 1.63355125e-08
  2.32923156e-08 5.18665200e-09 6.37910702e-09 8.05748890e-09
  1.71322760e-08 1.18190657e-08 7.03461289e-09 7.68563613e-09
  6.53008447e-09 2.12201154e-08 7.62379049e-09 4.31080727e-09
  5.95728800e-09 4.66665373e-09 2.60770383e-09 2.63661670e-09
  5.48188650e-09 6.49458443e-09 1.61918887e-08 3.09316128e-08
  1.24198909e-08 3.12034807e-08 2.10885389e-08 1.63800351e-08
  5.27761301e-09 3.43374329e-09]
 [1.55325182e-07 6.62048327e-09 1.38397479e-06 1.50440712e-07
  6.63353035e-08 2.02323349e-07 9.99996185e-01 3.76306076e-07
  1.62121356e-08 2.67411454e-10 1.21781341e-07 4.63766829e-12
  7.81636589e-10 4.09521128e-08 2.86134338e-10 1.31895961e-09
  1.86838101e-08 2.57678003e-08 1.41054839e-08 3.56626195e-09
  1.17411494e-08 2.92965332e-08 7.45954551e-08 6.16860660e-08
  8.96527865e-08 1.98637125e-08 2.09610640e-08 2.90044699e-08
  6.31898729e-08 4.39975949e-08 2.53345078e-08 2.86932522e-08
  2.31997035e-08 6.98637450e-08 2.86916642e-08 1.66263447e-08
  2.26069350e-08 1.88331146e-08 1.12524816e-08 1.30453417e-08
  2.57773376e-08 2.85875501e-08 6.40114877e-08 1.23430681e-07
  5.33625482e-08 1.26244174e-07 8.62504805e-08 5.91045968e-08
  2.02213286e-08 1.40476795e-08]
 [3.19772596e-07 1.11473941e-08 2.78358857e-06 2.50188918e-07
  1.00338326e-07 3.55686154e-07 9.99993682e-01 4.65955992e-07
  2.47684930e-08 2.87659230e-10 1.69027700e-07 6.65437193e-12
  7.70769504e-10 6.24178043e-08 5.23652843e-10 1.62742975e-09
  3.06667260e-08 4.06369658e-08 2.18759268e-08 5.77230397e-09
  1.92909706e-08 4.54658640e-08 1.11669578e-07 8.82346853e-08
  1.25868652e-07 2.41949163e-08 2.75912253e-08 3.94572268e-08
  8.43151327e-08 5.83942459e-08 3.30770860e-08 3.83876646e-08
  3.05079837e-08 9.32461290e-08 3.80140968e-08 2.40270133e-08
  3.17852376e-08 2.50193821e-08 1.50544590e-08 1.58944928e-08
  3.07459089e-08 3.55985961e-08 7.65081367e-08 1.50236303e-07
  6.63470345e-08 1.53944200e-07 1.09600165e-07 7.73552316e-08
  2.63474718e-08 1.78169177e-08]
 [3.24533261e-07 1.75926722e-08 2.92468508e-06 3.84779099e-07
  1.51990392e-07 4.06927768e-07 9.99992490e-01 5.56058524e-07
  2.40655567e-08 4.19976581e-10 2.82045164e-07 8.69992620e-12
  1.00217801e-09 1.00933434e-07 5.80803183e-10 2.55748711e-09
  5.55577486e-08 6.97475144e-08 3.67537289e-08 1.04759312e-08
  3.53787684e-08 7.26506926e-08 1.76408662e-07 1.28754152e-07
  1.79009220e-07 2.97365563e-08 3.80785714e-08 5.49910766e-08
  1.14358393e-07 7.82016158e-08 4.37735252e-08 5.20001961e-08
  4.07944079e-08 1.28113300e-07 5.05957480e-08 3.52537448e-08
  4.49338877e-08 3.26943059e-08 1.99081693e-08 1.79991559e-08
  3.41162902e-08 4.21849222e-08 8.82579769e-08 1.75700961e-07
  7.81923717e-08 1.84342809e-07 1.33296069e-07 9.95769298e-08
  3.31814398e-08 2.15377742e-08]
 [1.02179308e-06 3.03132666e-08 3.94231938e-06 7.98580857e-07
  2.95958898e-07 5.70832128e-07 9.99988079e-01 6.78984406e-07
  2.06242792e-08 6.18306240e-10 4.87364503e-07 1.40078652e-11
  1.55577429e-09 2.10792564e-07 8.98471131e-10 4.74815964e-09
  9.61815090e-08 1.08214465e-07 5.63077940e-08 1.95688052e-08
  7.06181211e-08 1.26352035e-07 3.19469365e-07 2.10981014e-07
  2.85178118e-07 4.53891040e-08 6.01215007e-08 8.76738753e-08
  1.80808570e-07 1.20512837e-07 6.64197231e-08 8.04668048e-08
  6.14748501e-08 1.87771050e-07 7.63692114e-08 5.92830673e-08
  7.12352630e-08 5.05327371e-08 3.37995480e-08 2.79272250e-08
  5.28480726e-08 6.68363000e-08 1.29264663e-07 2.60553634e-07
  1.18144499e-07 3.03393421e-07 2.01844912e-07 1.50085242e-07
  4.94010486e-08 3.22949063e-08]
 [3.28161195e-06 5.44419940e-08 5.14225894e-06 1.41578107e-06
  5.66392032e-07 8.52107632e-07 9.99980450e-01 8.99424151e-07
  2.32627890e-08 8.86439977e-10 9.13882559e-07 2.59349001e-11
  2.23912311e-09 4.53867443e-07 1.90476079e-09 8.76773409e-09
  1.59001573e-07 1.58581500e-07 8.10372995e-08 3.63045949e-08
  1.43598271e-07 2.05113068e-07 5.60307171e-07 3.21824587e-07
  4.29740936e-07 6.40639826e-08 9.16701453e-08 1.33860823e-07
  2.78455616e-07 1.76981658e-07 9.58838626e-08 1.18659969e-07
  8.82382167e-08 2.61898634e-07 1.07129516e-07 9.52528083e-08
  1.07302533e-07 7.26103337e-08 5.45997487e-08 4.02013214e-08
  7.61906875e-08 1.01041245e-07 1.78910980e-07 3.68299396e-07
  1.66868205e-07 4.83144902e-07 2.85790435e-07 2.18355041e-07
  6.87623469e-08 4.44819150e-08]
 [1.01149708e-05 1.01817506e-07 5.76975435e-06 2.52348605e-06
  1.23798031e-06 1.18958474e-06 9.99964237e-01 1.39736358e-06
  2.56065231e-08 1.23130695e-09 2.03498712e-06 5.05742705e-11
  3.14291526e-09 1.14279987e-06 4.58920146e-09 1.75785910e-08
  2.93071821e-07 2.53701472e-07 1.25733834e-07 7.53016778e-08
  3.52024074e-07 3.74780200e-07 1.13461942e-06 5.46436866e-07
  7.51740629e-07 9.76051666e-08 1.62408412e-07 2.31763082e-07
  5.06430013e-07 2.94449052e-07 1.55691737e-07 1.97427497e-07
  1.42027673e-07 4.11123978e-07 1.65291183e-07 1.78507932e-07
  1.80165856e-07 1.14759374e-07 9.82795498e-08 6.33738537e-08
  1.17413840e-07 1.72939593e-07 2.75871400e-07 5.91608796e-07
  2.58706024e-07 8.55806604e-07 4.41340120e-07 3.61515930e-07
  1.05753365e-07 6.70200606e-08]
 [4.87160651e-05 2.15604885e-07 5.41269492e-06 4.84923930e-06
  3.48559524e-06 1.44715841e-06 9.99897838e-01 2.72682314e-06
  2.95262783e-08 1.86804305e-09 5.94709218e-06 1.14206374e-10
  4.64864325e-09 3.65225583e-06 1.22768249e-08 4.27254641e-08
  6.42339273e-07 4.85311830e-07 2.25286243e-07 1.89723238e-07
  1.22109816e-06 9.57881639e-07 3.16541264e-06 1.24342353e-06
  1.99649776e-06 2.10344837e-07 4.19682067e-07 5.72630029e-07
  1.42371721e-06 7.09226356e-07 3.62511088e-07 4.74435950e-07
  3.26417592e-07 9.08710035e-07 3.58144547e-07 5.10946677e-07
  4.31919489e-07 2.59632969e-07 2.67262948e-07 1.55088657e-07
  2.68189268e-07 4.68750756e-07 6.42368036e-07 1.50165420e-06
  6.11240864e-07 2.40071904e-06 1.00318141e-06 9.14938028e-07
  2.38068409e-07 1.50399671e-07]
 [3.69086716e-04 4.13049719e-07 4.28027806e-06 1.00087009e-05
  1.25011093e-05 1.50923142e-06 9.99447644e-01 6.58718182e-06
  4.20158308e-08 3.29359029e-09 2.25052136e-05 3.00276165e-10
  7.25543137e-09 1.37382958e-05 3.47948301e-08 1.28271452e-07
  1.89794605e-06 1.32826926e-06 5.41423958e-07 6.31712055e-07
  6.16301895e-06 3.99544160e-06 1.32373016e-05 4.31252420e-06
  9.65144227e-06 7.66979952e-07 1.84558485e-06 2.35030257e-06
  7.33633397e-06 2.91732658e-06 1.42200975e-06 1.95110238e-06
  1.26597934e-06 3.36702215e-06 1.30747571e-06 2.64474761e-06
  1.74955733e-06 9.98357677e-07 1.25565668e-06 7.01881277e-07
  1.06486641e-06 2.38143866e-06 2.65867129e-06 7.21767128e-06
  2.62369304e-06 1.22765023e-05 3.96522637e-06 4.20462175e-06
  9.35718901e-07 6.06924345e-07]]
44520173-Q13715203	[[6.76877797e-04 2.12732222e-04 2.89736374e-04 4.24719928e-03
  8.98453407e-03 1.33104841e-04 1.48943788e-03 3.93217243e-02
  2.62752408e-03 8.86258483e-02 1.02693960e-01 5.24287164e-01
  2.53956649e-04 6.42447844e-02 1.39733732e-01 1.99401118e-02
  9.65542858e-05 1.32175832e-04 7.45676953e-05 3.46111519e-05
  1.21668469e-04 5.30313482e-05 3.93908376e-05 9.45305655e-05
  5.10309837e-05 1.60855605e-04 7.35267458e-05 7.34671048e-05
  3.74667870e-05 6.27573900e-05 5.10303507e-05 9.17806392e-05
  7.05509447e-05 3.32150485e-05 5.80217820e-05 2.86967170e-05
  4.50646294e-05 7.40075120e-05 6.53896859e-05 5.46581032e-05
  1.44485850e-04 6.43739477e-05 4.51082306e-05 3.01467808e-05
  2.31843005e-05 3.54935510e-05 8.06832759e-05 1.87011301e-05
  5.77698956e-05 5.95700694e-05]
 [7.43537021e-05 1.31961552e-03 2.45353440e-03 1.18445569e-04
  2.63109814e-05 7.31919892e-04 4.92854370e-03 5.65590279e-04
  1.10426522e-03 5.70748889e-05 9.58090604e-05 2.65314331e-04
  3.61251514e-05 7.30033425e-05 5.33581988e-05 4.52492299e-04
  7.75115518e-03 2.87835784e-02 2.59951670e-02 4.22023097e-03
  2.56557819e-02 1.84103120e-02 1.77632105e-02 1.12649770e-02
  4.06487705e-03 1.62391609e-03 1.12553071e-02 4.39207889e-02
  3.89078371e-02 1.96014233e-02 3.23614292e-02 1.74483452e-02
  3.04936636e-02 2.59151161e-02 1.72012169e-02 2.40972303e-02
  4.38050367e-02 2.20157094e-02 4.54083085e-02 3.70809846e-02
  3.87806967e-02 2.59487014e-02 5.47087677e-02 8.77729505e-02
  6.94055781e-02 1.08376276e-02 1.90956481e-02 5.15791290e-02
  4.00558077e-02 3.44137549e-02]
 [9.26876746e-05 2.11373959e-02 3.37969359e-05 4.85722069e-07
  3.90614985e-10 3.24509386e-07 4.45098145e-08 1.11887299e-09
  4.49367718e-07 2.17398792e-08 7.37396064e-08 3.21694557e-07
  1.91741870e-04 9.60168109e-07 8.01694987e-04 1.45872153e-04
  1.62169628e-03 1.15504429e-01 7.70560652e-02 1.03661383e-03
  2.09570164e-03 1.06835440e-01 1.96810928e-03 3.74290571e-02
  1.81532546e-03 2.73616761e-02 1.04528340e-02 9.22111869e-02
  1.65827386e-02 8.38021375e-03 6.42048120e-02 3.37383430e-03
  3.66582349e-02 1.83101092e-03 1.66521817e-02 1.30768120e-03
  4.65245172e-02 5.32213151e-02 2.57856008e-02 2.98414417e-02
  7.03349570e-03 2.72728386e-03 8.04123096e-03 3.87066859e-03
  4.13704142e-02 1.34775692e-04 8.48534238e-03 2.87808036e-03
  6.42949492e-02 5.90060987e-02]
 [2.20546781e-06 2.55192514e-04 8.03614512e-06 9.10049280e-08
  8.56171384e-11 5.59238735e-08 4.44062408e-07 1.85462206e-08
  1.24866792e-05 5.10365055e-07 3.44222393e-08 8.44574330e-08
  3.47398874e-08 1.13284671e-09 1.13192573e-05 1.47060561e-07
  2.70181976e-04 2.19431538e-02 1.16004748e-02 4.02156496e-04
  6.63272617e-03 4.58417051e-02 6.30823243e-03 8.87748599e-03
  6.11394458e-03 8.74113664e-03 2.71248743e-02 2.18713790e-01
  4.65785749e-02 3.92433368e-02 9.79503095e-02 1.64095256e-02
  4.45964001e-02 2.34818785e-03 5.89868659e-03 6.19889656e-03
  1.20474830e-01 1.88966002e-02 5.95979765e-02 2.83666681e-02
  9.03679430e-03 6.80756848e-03 1.46602774e-02 1.02153411e-02
  6.37521297e-02 6.29517599e-04 2.64265737e-03 5.97702712e-03
  1.97947416e-02 1.70633532e-02]
 [1.07728323e-04 2.05056509e-03 5.18265042e-05 1.61706328e-06
  1.73480093e-08 3.06475135e-06 9.87144358e-06 7.27910276e-07
  2.22878560e-04 1.85239660e-05 1.85321660e-05 5.77837045e-06
  2.05253605e-06 9.27915664e-08 5.76182967e-04 3.30587454e-07
  5.84292808e-04 3.67709175e-02 1.22028375e-02 7.22054334e-04
  8.53381306e-03 4.34238575e-02 9.62649938e-03 7.38900015e-03
  1.32355671e-02 8.10890831e-03 3.03090010e-02 1.84032828e-01
  4.88612764e-02 4.09442969e-02 7.73482993e-02 1.87230036e-02
  3.92422900e-02 2.25850171e-03 5.23218792e-03 9.73800477e-03
  1.19884476e-01 1.72731616e-02 8.17493945e-02 3.07891592e-02
  9.01404023e-03 1.04825702e-02 1.44874966e-02 1.20642362e-02
  5.47523871e-02 1.14947313e-03 2.45247805e-03 6.84509659e-03
  1.96642578e-02 1.90344229e-02]
 [2.99858328e-07 4.22970741e-04 8.67628751e-06 1.57635711e-07
  1.73724257e-10 1.70774239e-08 1.89920954e-07 1.15557350e-08
  4.24149403e-06 8.25893665e-07 3.28385653e-07 8.13345693e-08
  7.07838126e-08 4.59063942e-09 6.51624505e-05 6.71175044e-08
  2.53837963e-04 5.81809133e-03 2.33724667e-03 5.94411278e-04
  7.45741650e-03 3.56935710e-02 1.39053809e-02 6.84051076e-03
  9.60941520e-03 7.33538903e-03 4.39553298e-02 1.94918677e-01
  6.06219172e-02 4.46898267e-02 7.26412758e-02 1.46952616e-02
  2.70618927e-02 1.30373205e-03 3.82784405e-03 1.46134924e-02
  1.21184714e-01 2.05760989e-02 1.17690809e-01 2.37168707e-02
  8.24651029e-03 1.24061303e-02 1.13146044e-02 1.23785939e-02
  4.60716896e-02 1.70198525e-03 2.29887594e-03 6.89786021e-03
  2.29491089e-02 2.38885731e-02]
 [2.04156299e-06 2.53220089e-04 1.17278532e-05 7.27393513e-07
  6.17107698e-09 3.97485138e-07 3.43256897e-06 5.06944104e-07
  5.44498107e-05 8.27981148e-06 6.47775505e-06 2.37012523e-06
  4.87969942e-07 1.73625612e-08 2.75249477e-04 1.15952325e-07
  2.76612322e-04 2.54474618e-02 7.96201359e-03 8.47176590e-04
  4.89209453e-03 2.06232667e-02 9.42469202e-03 5.97681245e-03
  1.88052692e-02 7.74454465e-03 3.69191766e-02 1.58165708e-01
  7.87331983e-02 5.90430535e-02 8.31503347e-02 2.53726523e-02
  4.09471393e-02 1.48358208e-03 4.88384813e-03 1.61178205e-02
  1.04929686e-01 1.74311772e-02 1.01633519e-01 2.78041568e-02
  6.26169564e-03 1.39945811e-02 1.62255317e-02 1.66591387e-02
  3.56220864e-02 1.20632083e-03 2.13394919e-03 6.20075222e-03
  2.08955705e-02 2.15659123e-02]
 [1.32048356e-07 2.79428175e-04 8.44138867e-06 2.00952400e-07
  3.34286293e-10 2.80792118e-08 3.39859440e-07 2.87512076e-08
  7.46421938e-06 1.49699406e-06 6.11664746e-07 1.56101066e-07
  9.38151672e-08 4.75884132e-09 7.40757023e-05 3.62925583e-08
  1.77808222e-04 6.71091815e-03 2.83224485e-03 8.49239237e-04
  5.37693780e-03 2.34164931e-02 1.47736194e-02 6.29837159e-03
  1.56729780e-02 7.55779771e-03 4.83415388e-02 1.55369937e-01
  8.03399384e-02 5.07142916e-02 6.87055439e-02 1.74724255e-02
  2.73449514e-02 1.04027940e-03 3.87566164e-03 2.33560726e-02
  1.11453034e-01 2.07559466e-02 1.43869758e-01 2.22337265e-02
  6.58665830e-03 1.67547278e-02 1.32144811e-02 1.58215761e-02
  3.16396989e-02 1.79956260e-03 2.12929980e-03 6.03538705e-03
  2.25840695e-02 2.45224703e-02]
 [6.87385977e-07 1.90406674e-04 7.99124700e-06 8.33866409e-07
  6.40491127e-09 2.84659762e-07 1.77401205e-06 7.91753052e-07
  3.66261302e-05 1.51441263e-05 6.24823952e-06 2.86438694e-06
  6.60532123e-07 1.21657040e-08 3.30192386e-04 8.55285833e-08
  1.88360296e-04 1.88307241e-02 4.66234051e-03 1.03440648e-03
  3.51142976e-03 1.52711822e-02 1.03615457e-02 5.12112072e-03
  2.73738075e-02 8.67152214e-03 4.35060598e-02 1.30246371e-01
  9.34612751e-02 5.94484359e-02 7.35768080e-02 2.56137270e-02
  3.66509035e-02 1.29605515e-03 4.67404211e-03 2.42980216e-02
  9.72222164e-02 1.78446975e-02 1.24279045e-01 2.84690373e-02
  5.48120309e-03 1.73954777e-02 1.64234303e-02 1.90000925e-02
  2.92113014e-02 1.44790381e-03 1.94990751e-03 6.49101613e-03
  2.15735175e-02 2.48184204e-02]
 [3.73040763e-08 9.78663229e-05 8.70829263e-06 2.22420283e-07
  4.26530394e-10 4.28420748e-08 7.57912971e-07 5.42058736e-08
  1.31612369e-05 1.27025703e-06 4.42524140e-07 9.10551279e-08
  4.58518521e-08 2.26232477e-09 5.58772263e-05 9.38133304e-09
  1.15515926e-04 4.53184126e-03 2.38020997e-03 7.77185371e-04
  3.92138865e-03 1.69901755e-02 1.30627472e-02 5.71015943e-03
  2.39161421e-02 8.07023980e-03 5.59938662e-02 1.25692666e-01
  9.85711515e-02 5.23720644e-02 6.40131384e-02 1.64791066e-02
  2.34900154e-02 1.00951386e-03 3.86890792e-03 3.17326225e-02
  9.80662256e-02 2.03571245e-02 1.44477367e-01 2.72387750e-02
  5.72588015e-03 2.06291769e-02 1.82296727e-02 2.05465779e-02
  3.12468521e-02 1.81170716e-03 2.22445233e-03 6.53401529e-03
  2.34201476e-02 2.66147833e-02]
 [7.27547047e-07 2.52995203e-04 6.11389805e-06 1.06309494e-06
  1.02249622e-08 3.78992382e-07 1.46832929e-06 1.74479874e-06
  4.31056942e-05 5.26083568e-05 1.00602447e-05 6.80281119e-06
  1.63202412e-06 1.55785411e-08 5.17922919e-04 1.03285977e-07
  1.59143165e-04 1.78910308e-02 3.59302736e-03 1.28309394e-03
  2.91923573e-03 1.35585805e-02 1.12492507e-02 4.67934413e-03
  3.55505049e-02 1.05486428e-02 4.64076772e-02 1.15002103e-01
  9.53143612e-02 5.73688000e-02 6.60229325e-02 2.61493698e-02
  3.49922217e-02 1.23301614e-03 4.74123564e-03 3.06414720e-02
  9.65922996e-02 1.86947528e-02 1.40045211e-01 2.79398486e-02
  4.99013066e-03 1.80702377e-02 1.40520064e-02 1.80061236e-02
  2.40929835e-02 1.58022286e-03 1.74012699e-03 6.14425493e-03
  2.11569946e-02 2.66930200e-02]
 [1.35382443e-08 4.65365738e-05 8.01719489e-06 2.07791615e-07
  3.90940058e-10 3.71899880e-08 1.05213667e-06 5.74977967e-08
  1.41424152e-05 9.68469976e-07 2.76727661e-07 4.69752557e-08
  2.37183180e-08 1.07231179e-09 3.90093410e-05 3.95924404e-09
  7.96382737e-05 3.16519151e-03 1.92789419e-03 6.48349524e-04
  2.99789803e-03 1.34699792e-02 1.10614514e-02 5.09607652e-03
  2.64896583e-02 7.73340976e-03 6.03810921e-02 1.11751169e-01
  1.08355828e-01 5.38192652e-02 6.21021055e-02 1.58600286e-02
  2.14990210e-02 9.94678820e-04 3.94391455e-03 3.75366211e-02
  9.21270922e-02 2.05371380e-02 1.41395435e-01 3.06127276e-02
  5.25132613e-03 2.23978832e-02 2.13188212e-02 2.29424722e-02
  3.15686986e-02 1.79700798e-03 2.30283989e-03 6.81031868e-03
  2.40587816e-02 2.78558265e-02]
 [8.31306693e-07 3.10462958e-04 5.97200915e-06 1.41994769e-06
  1.70320611e-08 6.05195225e-07 1.65874201e-06 4.12004374e-06
  6.13193115e-05 1.45897066e-04 1.43760608e-05 1.31136658e-05
  2.92475715e-06 1.87266931e-08 6.21143554e-04 1.30832234e-07
  1.39877302e-04 1.66977197e-02 3.03129689e-03 1.36602519e-03
  2.41008261e-03 1.19861588e-02 1.10502793e-02 4.29223990e-03
  4.48303521e-02 1.28703872e-02 4.65415642e-02 1.05717592e-01
  9.42106321e-02 5.59366271e-02 6.14660755e-02 2.64156014e-02
  3.39501463e-02 1.19864172e-03 4.80475416e-03 3.46819796e-02
  9.71374437e-02 1.92778297e-02 1.47738338e-01 2.85789669e-02
  4.82685911e-03 1.83052234e-02 1.27281304e-02 1.73324738e-02
  2.18018610e-02 1.66500476e-03 1.65174599e-03 5.95442159e-03
  2.07915734e-02 2.74280757e-02]
 [8.77790818e-09 3.99145647e-05 7.81286872e-06 2.23696134e-07
  4.29760394e-10 3.35776775e-08 1.32452374e-06 6.39286171e-08
  1.48629279e-05 1.07255528e-06 2.20282047e-07 3.67177684e-08
  2.08067856e-08 7.04238223e-10 3.36149569e-05 2.98816816e-09
  6.05903952e-05 2.66147987e-03 1.75403967e-03 5.89053263e-04
  2.50944262e-03 1.18804649e-02 9.95133817e-03 4.60304739e-03
  2.62587834e-02 7.33716693e-03 6.20690323e-02 1.03247382e-01
  1.10582821e-01 5.43868467e-02 6.07714728e-02 1.59968641e-02
  2.11291462e-02 1.04307523e-03 4.25359234e-03 4.27199639e-02
  9.15124193e-02 2.13817172e-02 1.42239988e-01 3.21100987e-02
  4.93431697e-03 2.30006352e-02 2.21046396e-02 2.31302287e-02
  3.14262398e-02 1.83390861e-03 2.34556245e-03 6.86358195e-03
  2.44494807e-02 2.87623145e-02]
 [7.93719380e-07 3.42647050e-04 6.76301579e-06 1.83173597e-06
  2.34727402e-08 7.98879569e-07 1.84723660e-06 7.55533847e-06
  7.38574818e-05 2.59502121e-04 1.56345104e-05 1.75068490e-05
  3.70907992e-06 1.79295760e-08 5.92337223e-04 1.52200656e-07
  1.22214245e-04 1.49799241e-02 2.62089004e-03 1.31627661e-03
  1.98480207e-03 1.06597347e-02 1.03147151e-02 3.96495266e-03
  5.26208468e-02 1.47424378e-02 4.60349396e-02 9.85346138e-02
  9.26305801e-02 5.51215149e-02 5.89165129e-02 2.64980588e-02
  3.32751647e-02 1.18609087e-03 4.91483277e-03 3.75774205e-02
  9.70017910e-02 1.97461750e-02 1.51690468e-01 2.96097156e-02
  4.81572002e-03 1.85650773e-02 1.23788081e-02 1.72119830e-02
  2.09519565e-02 1.73138501e-03 1.64713629e-03 6.00455841e-03
  2.10180096e-02 2.82857101e-02]
 [7.78776155e-09 4.32566376e-05 8.57766827e-06 2.81295172e-07
  5.98697758e-10 3.92044832e-08 1.82458325e-06 8.89317775e-08
  1.79607578e-05 1.44867477e-06 2.05444024e-07 3.66551944e-08
  2.34571758e-08 5.82300153e-10 3.27846537e-05 2.75860979e-09
  4.96316716e-05 2.43380130e-03 1.71353179e-03 5.67864627e-04
  2.19506887e-03 1.09551977e-02 9.22451168e-03 4.28760983e-03
  2.61669252e-02 7.17817759e-03 6.23170473e-02 9.65113491e-02
  1.09761871e-01 5.41927703e-02 5.94630577e-02 1.61510762e-02
  2.10577939e-02 1.10980473e-03 4.63260477e-03 4.73453291e-02
  9.24405754e-02 2.24529058e-02 1.44235656e-01 3.29717696e-02
  4.73438576e-03 2.31821500e-02 2.26231832e-02 2.28243414e-02
  3.12575586e-02 1.87123718e-03 2.41373992e-03 6.90047350e-03
  2.49591079e-02 2.97114179e-02]
 [6.92687365e-07 3.60731588e-04 7.81295239e-06 2.26524048e-06
  2.99288487e-08 9.08547975e-07 1.90995206e-06 1.11728023e-05
  7.93936852e-05 3.61412502e-04 1.53485726e-05 1.92660809e-05
  4.13741918e-06 1.59487215e-08 5.47658943e-04 1.68270375e-07
  1.07122163e-04 1.34278163e-02 2.33282382e-03 1.23671105e-03
  1.67822011e-03 9.69935767e-03 9.57948808e-03 3.70056741e-03
  5.69911785e-02 1.57790408e-02 4.55143936e-02 9.26057324e-02
  9.05982703e-02 5.44071943e-02 5.73423840e-02 2.65359730e-02
  3.29528525e-02 1.19054259e-03 5.10197366e-03 4.02689464e-02
  9.72758830e-02 2.03740578e-02 1.55370981e-01 3.02403476e-02
  4.84120054e-03 1.87339373e-02 1.23068430e-02 1.71562750e-02
  2.05208659e-02 1.79459364e-03 1.67683314e-03 6.15884317e-03
  2.16335468e-02 2.94522475e-02]
 [7.27705940e-09 4.62274584e-05 9.31286922e-06 3.44456424e-07
  8.44505910e-10 4.74606701e-08 2.36000142e-06 1.25935841e-07
  2.15648688e-05 1.98954285e-06 2.09031398e-07 4.04237745e-08
  2.75119376e-08 5.44470469e-10 3.33022945e-05 2.63654165e-09
  4.36835035e-05 2.27115140e-03 1.68604951e-03 5.64308953e-04
  1.99135207e-03 1.03262765e-02 8.79761484e-03 4.13461309e-03
  2.65499055e-02 7.18746334e-03 6.22493811e-02 9.14336666e-02
  1.08324073e-01 5.35335094e-02 5.81040345e-02 1.61073804e-02
  2.08554845e-02 1.16095401e-03 4.96622268e-03 5.11944890e-02
  9.34952497e-02 2.34611444e-02 1.46580920e-01 3.32730114e-02
  4.61291661e-03 2.30892971e-02 2.29879674e-02 2.23760549e-02
  3.08399312e-02 1.90702186e-03 2.49579130e-03 6.98815752e-03
  2.56035551e-02 3.06918342e-02]
 [5.90298100e-07 3.67589470e-04 8.61574790e-06 2.62268259e-06
  3.72423230e-08 9.68638687e-07 1.89417972e-06 1.43048601e-05
  8.14079758e-05 4.54078225e-04 1.53708952e-05 2.02806259e-05
  4.47686898e-06 1.48779975e-08 5.34311810e-04 1.78687145e-07
  9.64804349e-05 1.22202085e-02 2.14186287e-03 1.18065358e-03
  1.48809014e-03 9.06336494e-03 9.10484046e-03 3.52283753e-03
  5.86413965e-02 1.61577277e-02 4.52766269e-02 8.80353972e-02
  8.86617899e-02 5.36000952e-02 5.61171621e-02 2.64808461e-02
  3.27256694e-02 1.20037794e-03 5.32143144e-03 4.29258980e-02
  9.80595797e-02 2.10960992e-02 1.59743667e-01 3.01593710e-02
  4.84696217e-03 1.87110528e-02 1.21723814e-02 1.69192236e-02
  2.00402327e-02 1.85972417e-03 1.71166915e-03 6.33175625e-03
  2.23107766e-02 3.05679794e-02]
 [6.76258294e-09 4.73700929e-05 9.85162751e-06 4.01091114e-07
  1.13072318e-09 5.48060548e-08 2.76938226e-06 1.68387473e-07
  2.46121508e-05 2.65447466e-06 2.25909588e-07 4.62720813e-08
  3.22854703e-08 5.53348589e-10 3.50554619e-05 2.58689870e-09
  4.05879837e-05 2.14090268e-03 1.65001035e-03 5.68904565e-04
  1.85426138e-03 9.85972583e-03 8.54405668e-03 4.04431485e-03
  2.69687604e-02 7.20928935e-03 6.22025132e-02 8.75762478e-02
  1.06827416e-01 5.26796915e-02 5.68292961e-02 1.59542132e-02
  2.05847304e-02 1.18895317e-03 5.22542838e-03 5.44985570e-02
  9.46398750e-02 2.43502259e-02 1.49484843e-01 3.30372229e-02
  4.54271771e-03 2.28509139e-02 2.30121315e-02 2.18786895e-02
  3.01692914e-02 1.95093406e-03 2.56511336e-03 7.12601235e-03
  2.62574833e-02 3.15634459e-02]]
