44520173-Q7203795	[[2.03841224e-01 2.09797248e-01 2.62111217e-01 1.77900538e-01
  3.31771299e-02 3.15236002e-02 2.18523312e-02 1.43953022e-02
  9.41522326e-03 6.60329452e-03 5.07228589e-03 4.09218110e-03
  3.43590369e-03 2.99185840e-03 2.68670358e-03 2.47090450e-03
  2.31291354e-03 2.19338224e-03 2.10038805e-03 2.02634442e-03]
 [2.81472266e-01 1.81783661e-01 1.35886192e-01 1.15499571e-01
  5.99901788e-02 4.18751277e-02 2.89694723e-02 3.19965519e-02
  2.34205741e-02 1.83746591e-02 1.38800666e-02 1.06659560e-02
  8.72135349e-03 7.62903923e-03 7.04024453e-03 6.73346035e-03
  6.58068899e-03 6.51099393e-03 6.48577744e-03 6.48416206e-03]
 [3.58926445e-01 2.44284078e-01 2.12446794e-01 1.31872326e-01
  1.86634809e-02 1.40165212e-02 5.21633541e-03 6.01788145e-03
  2.96065584e-03 1.65610632e-03 9.70298017e-04 6.20701700e-04
  4.44579142e-04 3.53533542e-04 3.04125890e-04 2.75516708e-04
  2.57660460e-04 2.45634699e-04 2.36965323e-04 2.30360165e-04]
 [3.79099101e-01 2.47951210e-01 1.96509928e-01 1.42219022e-01
  1.89945661e-02 6.01990614e-03 3.17241438e-03 2.59304838e-03
  1.30292762e-03 7.44048972e-04 4.09146945e-04 2.39364119e-04
  1.58662777e-04 1.18952841e-04 9.78970347e-05 8.56687111e-05
  7.78713584e-05 7.24647034e-05 6.84568367e-05 6.53365496e-05]
 [2.07941070e-01 2.05050275e-01 2.41790444e-01 1.62095353e-01
  6.13242015e-02 5.81282601e-02 2.30753571e-02 1.53092677e-02
  7.11085508e-03 4.56628529e-03 2.97481334e-03 2.03943183e-03
  1.53202727e-03 1.25902914e-03 1.10798585e-03 1.01996143e-03
  9.65030224e-04 9.28071036e-04 9.01366177e-04 8.80872307e-04]
 [3.07525039e-01 2.63072759e-01 1.81719050e-01 1.60190523e-01
  4.74045239e-02 2.03973427e-02 9.34922043e-03 5.96830435e-03
  1.74957723e-03 8.88770854e-04 5.02794574e-04 3.06324742e-04
  2.06740209e-04 1.54140187e-04 1.24390644e-04 1.06189604e-04
  9.41846956e-05 8.57496852e-05 7.95281740e-05 7.47712402e-05]
 [2.85495013e-01 2.23217905e-01 1.35072306e-01 1.59968585e-01
  1.41292065e-01 3.03673372e-02 7.42268097e-03 4.49039368e-03
  2.45087896e-03 1.85097905e-03 1.44874630e-03 1.15865225e-03
  9.66756546e-04 8.41972127e-04 7.59345829e-04 7.02625373e-04
  6.62045146e-04 6.31917093e-04 6.08879665e-04 5.90868993e-04]
 [2.33327553e-01 2.27274060e-01 2.18744352e-01 1.77140906e-01
  8.96342695e-02 2.91618351e-02 5.81211084e-03 6.47138385e-03
  3.29613034e-03 2.15293281e-03 1.52101077e-03 1.11561641e-03
  8.59949854e-04 6.98069984e-04 5.92389493e-04 5.20176953e-04
  4.68509155e-04 4.30111337e-04 4.00754157e-04 3.77832039e-04]
 [2.57833660e-01 2.18585849e-01 2.38144040e-01 1.61386937e-01
  4.14280854e-02 2.01162007e-02 8.93023517e-03 9.66391526e-03
  6.94801938e-03 6.06832188e-03 5.04442491e-03 4.14092699e-03
  3.50606721e-03 3.09410854e-03 2.82859057e-03 2.65110447e-03
  2.52597709e-03 2.43343203e-03 2.36264686e-03 2.30743969e-03]
 [1.73735887e-01 1.48125336e-01 2.11188048e-01 1.46912426e-01
  3.55571546e-02 4.02097404e-02 2.49924101e-02 3.25133353e-02
  2.70260610e-02 2.44879164e-02 2.07897909e-02 1.74894631e-02
  1.51457228e-02 1.36012817e-02 1.25883697e-02 1.18995421e-02
  1.14068277e-02 1.10387793e-02 1.07560717e-02 1.05358437e-02]
 [2.15947405e-01 1.98767692e-01 3.05247933e-01 1.76383093e-01
  2.81710234e-02 2.11225115e-02 7.11182551e-03 9.32368729e-03
  7.00127147e-03 5.50794834e-03 4.36871639e-03 3.54980631e-03
  2.99227284e-03 2.61489791e-03 2.35151057e-03 2.15779408e-03
  2.00758502e-03 1.88631041e-03 1.78574817e-03 1.70091738e-03]
 [2.39439473e-01 2.26855367e-01 2.95152187e-01 1.79986149e-01
  3.25030163e-02 1.20034311e-02 2.65601370e-03 3.11426376e-03
  1.95774017e-03 1.30849821e-03 9.49141569e-04 7.34274741e-04
  6.00191881e-04 5.13074163e-04 4.53420071e-04 4.09998465e-04
  3.76597774e-04 3.49843991e-04 3.27839924e-04 3.09432333e-04]
 [2.46306539e-01 2.18543872e-01 2.93064088e-01 1.84380069e-01
  3.19908224e-02 1.15020974e-02 2.89008790e-03 3.27484519e-03
  2.03424064e-03 1.29120157e-03 9.07897775e-04 6.91412890e-04
  5.60529879e-04 4.77342430e-04 4.21504606e-04 3.81675520e-04
  3.51644121e-04 3.28030146e-04 3.08929972e-04 2.93189572e-04]
 [2.47241199e-01 2.07191825e-01 2.94161946e-01 1.90747589e-01
  3.00878789e-02 1.31914085e-02 3.85993579e-03 4.19293065e-03
  2.59685004e-03 1.56715361e-03 1.05499919e-03 7.77653186e-04
  6.15317782e-04 5.14957821e-04 4.49324900e-04 4.03696351e-04
  3.70120630e-04 3.44284374e-04 3.23763175e-04 3.07102368e-04]
 [2.45152399e-01 2.00655192e-01 3.02980423e-01 1.91720232e-01
  2.52084564e-02 1.51914824e-02 4.54546465e-03 4.82371030e-03
  2.95099849e-03 1.69674493e-03 1.09446642e-03 7.81254726e-04
  6.04362460e-04 4.98335925e-04 4.30897810e-04 3.85195599e-04
  3.52324190e-04 3.27511516e-04 3.08104471e-04 2.92538898e-04]
 [2.47080177e-01 2.01947868e-01 3.19087356e-01 1.87244296e-01
  1.89921297e-02 1.24548553e-02 3.36999935e-03 3.45800119e-03
  2.06028670e-03 1.13667210e-03 7.08408072e-04 4.93229425e-04
  3.75360716e-04 3.06553498e-04 2.63812166e-04 2.35473606e-04
  2.15489228e-04 2.00658847e-04 1.89221537e-04 1.80152187e-04]
 [2.50222802e-01 2.07782552e-01 3.39257836e-01 1.75159037e-01
  1.32367415e-02 7.66027579e-03 1.79475837e-03 1.77527976e-03
  1.03242218e-03 5.56001323e-04 3.40388040e-04 2.34625273e-04
  1.77983049e-04 1.45619779e-04 1.25944891e-04 1.13179252e-04
  1.04360428e-04 9.79336328e-05 9.30509705e-05 8.92258176e-05]
 [2.51600116e-01 2.13606745e-01 3.60904723e-01 1.56680137e-01
  8.95968825e-03 4.66310605e-03 9.46005050e-04 9.32391733e-04
  5.46304509e-04 2.97141873e-04 1.83901808e-04 1.28487154e-04
  9.90003100e-05 8.23405426e-05 7.23753474e-05 6.60383594e-05
  6.17520782e-05 5.86885290e-05 5.63980830e-05 5.46250631e-05]
 [2.53701776e-01 2.19453216e-01 3.78819942e-01 1.37427837e-01
  6.28728513e-03 2.57191644e-03 4.39515454e-04 4.44849051e-04
  2.64738657e-04 1.46086531e-04 9.15449928e-05 6.47094712e-05
  5.04002128e-05 4.23215970e-05 3.75017917e-05 3.44443797e-05
  3.23773165e-05 3.08954477e-05 2.97796032e-05 2.89056934e-05]
 [2.58359462e-01 2.24379465e-01 3.87087345e-01 1.22882813e-01
  4.74217767e-03 1.56208628e-03 2.38521578e-04 2.50690617e-04
  1.51663800e-04 8.47564079e-05 5.35570980e-05 3.80712263e-05
  2.97644128e-05 2.50507001e-05 2.22203507e-05 2.04075641e-05
  1.91651361e-05 1.82585718e-05 1.75614077e-05 1.70027197e-05]]
44520173-Q7203796	[[0.05702275 0.09543237 0.06388455 0.11612549 0.08169532 0.08707964
  0.11323135 0.08287226 0.03934267 0.03025482 0.02578339 0.02445601
  0.02403646 0.02380781 0.0235703  0.02324958 0.02282886 0.02232754
  0.02177995 0.0212188 ]
 [0.04998552 0.04031146 0.06560688 0.123901   0.17426199 0.04587537
  0.1347565  0.059335   0.06978495 0.03554583 0.02435548 0.02128423
  0.0205187  0.02016397 0.0198494  0.0195487  0.01924396 0.01891614
  0.01856263 0.01819229]
 [0.03594841 0.08605288 0.04664414 0.10440911 0.09305691 0.14951839
  0.12787917 0.12231334 0.04622338 0.0268122  0.01745112 0.0142811
  0.01369199 0.01412647 0.0149596  0.01590254 0.01678662 0.01751325
  0.01804429 0.01838511]
 [0.02374721 0.02367805 0.01762583 0.05183198 0.18704693 0.16945982
  0.14863938 0.08693799 0.05302819 0.0367891  0.02668869 0.02212931
  0.02012071 0.01919114 0.01881291 0.01874467 0.01881424 0.01889898
  0.01893076 0.01888413]
 [0.02720248 0.04037545 0.02008551 0.05981044 0.031933   0.05701521
  0.08978923 0.05272229 0.03975597 0.0262776  0.0224115  0.02464239
  0.03074669 0.03908993 0.04858784 0.05858532 0.06863108 0.07838824
  0.08764552 0.09630431]
 [0.0184391  0.01168441 0.01267725 0.01838247 0.0957997  0.32693318
  0.06162337 0.06535105 0.04129973 0.03991609 0.03739012 0.03429808
  0.03109481 0.02899709 0.02822359 0.02834367 0.02889802 0.02958524
  0.03024745 0.03081554]
 [0.05451112 0.02857902 0.03478615 0.04661092 0.14804561 0.05410106
  0.07281047 0.04556644 0.05958468 0.05714253 0.05085463 0.04350994
  0.03877821 0.03676039 0.03642759 0.03690456 0.03767337 0.03846875
  0.03916636 0.0397182 ]
 [0.07185097 0.07039183 0.0579717  0.11988557 0.06450501 0.0257635
  0.11658707 0.07117157 0.09327976 0.05536987 0.03311916 0.02373104
  0.02111154 0.02117221 0.02224687 0.02368492 0.02518336 0.0265669
  0.02773947 0.02866773]
 [0.11788335 0.08765116 0.13797984 0.13244388 0.07329586 0.02746927
  0.05121894 0.05668532 0.07275928 0.04905029 0.03119622 0.0223899
  0.01891495 0.01765015 0.0172304  0.01714423 0.01718434 0.01725094
  0.01729655 0.01730523]
 [0.10115284 0.21651809 0.14571117 0.15930456 0.01189632 0.0314194
  0.03598339 0.0724973  0.05333637 0.02970172 0.01939494 0.01556913
  0.01414938 0.01357609 0.01333724 0.01326001 0.01325889 0.01328398
  0.01331217 0.01333707]
 [0.07690281 0.10731615 0.06898579 0.08220216 0.01771809 0.04320426
  0.04043652 0.0646857  0.05720198 0.04637076 0.03972397 0.03804551
  0.038342   0.03898158 0.03950872 0.03987661 0.04009172 0.04017172
  0.04015343 0.04008044]
 [0.0543959  0.05872431 0.04120256 0.04532357 0.02103295 0.05034553
  0.04028689 0.05891879 0.05238698 0.05175797 0.04991993 0.05057898
  0.05200915 0.05313205 0.05375844 0.05395165 0.0537971  0.05339231
  0.05284321 0.05224165]
 [0.03869668 0.04301778 0.02769987 0.03728203 0.01545515 0.03966232
  0.03545441 0.05093099 0.04746249 0.05124413 0.05326854 0.05678962
  0.06006562 0.06230762 0.06360415 0.06414311 0.06409425 0.06364129
  0.06296599 0.062214  ]
 [0.03274946 0.03803889 0.02050955 0.03781671 0.01144933 0.03482562
  0.03327652 0.04895959 0.04474053 0.05004195 0.05440141 0.05976276
  0.06394368 0.0664819  0.06781518 0.06824461 0.06798685 0.06727587
  0.06633695 0.06534262]
 [0.03065879 0.03583405 0.01601353 0.04411255 0.00955822 0.03256752
  0.03329977 0.04793711 0.04463359 0.05060126 0.05604432 0.06221472
  0.06649493 0.06861072 0.06929853 0.06900141 0.06800856 0.06660157
  0.06503158 0.06347727]
 [0.02670095 0.03156954 0.0106071  0.04232572 0.00833468 0.03195997
  0.03213507 0.04190279 0.04419659 0.05198734 0.05887555 0.06632884
  0.07112421 0.07289715 0.07275806 0.07148303 0.06954719 0.06731115
  0.06504362 0.06291139]
 [0.02417149 0.02930794 0.00753606 0.03894001 0.00774624 0.03296429
  0.03140263 0.03695546 0.04374234 0.05290234 0.06085491 0.06937531
  0.07462008 0.07606318 0.07517857 0.07307916 0.07040703 0.06757201
  0.06483693 0.06234394]
 [0.02283723 0.02797547 0.00637725 0.03903088 0.0073045  0.0305744
  0.03050909 0.03411166 0.04375247 0.05344174 0.06167947 0.07061449
  0.07612963 0.07755172 0.07646835 0.07412488 0.0712309  0.06821527
  0.06533812 0.06273255]
 [0.02268637 0.02783034 0.00603091 0.04138327 0.00724118 0.02899656
  0.03034917 0.03287961 0.04421847 0.05399953 0.06210667 0.07100297
  0.07647395 0.07778697 0.07655987 0.0740764  0.07106537 0.06795805
  0.06500924 0.06234508]
 [0.02315527 0.0283415  0.00597621 0.04457137 0.00742121 0.02861591
  0.03073099 0.03241722 0.04488913 0.05459172 0.06242366 0.07109416
  0.07634352 0.07743713 0.07601389 0.07336985 0.07023636 0.0670389
  0.0640236  0.06130842]]
44520173-Q7203797	[[1.34445980e-01 1.55580208e-01 2.01312184e-01 1.27121449e-01
  6.39723018e-02 6.13967143e-02 6.60631657e-02 7.28615224e-02
  5.05157970e-02 2.55592428e-02 1.53533453e-02 9.27920733e-03
  5.20148920e-03 3.32942116e-03 2.30134069e-03 1.67319970e-03
  1.28490932e-03 1.04685337e-03 8.98969476e-04 8.02622002e-04]
 [5.42757809e-02 5.12621216e-02 8.20741951e-02 8.42741802e-02
  9.85475704e-02 1.85999110e-01 1.08534396e-01 1.02118567e-01
  8.90300497e-02 5.04961945e-02 2.96667200e-02 1.70853399e-02
  1.14461407e-02 8.46571289e-03 6.54694065e-03 5.29307034e-03
  4.45858203e-03 3.87462368e-03 3.44185228e-03 3.10885021e-03]
 [1.93044439e-01 2.78067470e-01 1.83791354e-01 1.87261239e-01
  5.43715917e-02 2.48607751e-02 1.27271283e-02 9.45331529e-03
  9.89602786e-03 6.56734686e-03 5.68648800e-03 5.66929160e-03
  4.82988544e-03 3.99595965e-03 3.46225896e-03 3.23923328e-03
  3.21330805e-03 3.25828302e-03 3.29682254e-03 3.30776186e-03]
 [3.17410588e-01 2.44180515e-01 1.53303310e-01 1.92547143e-01
  4.82112207e-02 1.40597718e-02 5.83111402e-03 4.53432463e-03
  2.43251794e-03 1.71006902e-03 1.47573301e-03 1.28527312e-03
  1.19388942e-03 1.19881320e-03 1.26843085e-03 1.42130745e-03
  1.64033193e-03 1.88339083e-03 2.10963539e-03 2.30270158e-03]
 [3.77116561e-01 2.65916079e-01 1.98998407e-01 1.20271929e-01
  5.89441042e-03 7.14955246e-03 3.23495851e-03 2.40599294e-03
  4.78528300e-03 4.82657785e-03 2.20616371e-03 1.26271532e-03
  9.11951705e-04 7.67033896e-04 7.14121445e-04 7.06408406e-04
  7.17318850e-04 7.23807549e-04 7.11240980e-04 6.79576944e-04]
 [4.53601509e-01 2.69365042e-01 1.85677186e-01 3.27140763e-02
  4.69254373e-05 4.14387323e-05 5.59548062e-05 4.22808298e-05
  3.22929904e-04 1.00552803e-03 2.50144699e-03 4.95513948e-03
  6.51213806e-03 7.63458991e-03 8.31145700e-03 7.94844422e-03
  6.69982610e-03 5.25479624e-03 4.07556910e-03 3.23376316e-03]
 [2.17493139e-02 1.00639768e-01 1.37145128e-02 9.16447025e-03
  2.98623042e-03 2.33248880e-04 2.22568502e-04 1.90918348e-04
  2.27704691e-03 1.88013930e-02 5.28206527e-02 7.40500391e-02
  8.86590779e-02 1.01684116e-01 1.11532710e-01 1.09889880e-01
  9.68312845e-02 7.94330686e-02 6.37001023e-02 5.14196418e-02]
 [2.17740666e-02 6.87051117e-02 5.66216651e-03 6.17207587e-03
  9.14573669e-04 3.50655610e-05 2.07887369e-05 2.03580475e-05
  2.06646335e-04 2.12137774e-03 8.39456078e-03 1.76884010e-02
  3.13758589e-02 4.98316176e-02 7.41854012e-02 1.01237945e-01
  1.26434624e-01 1.47136450e-01 1.63098574e-01 1.74984306e-01]
 [4.04635211e-03 2.09644008e-02 1.32474338e-03 3.56099312e-03
  4.49966174e-03 4.25993494e-05 2.86828308e-05 2.78003281e-05
  1.60502459e-04 1.46031263e-03 6.06985250e-03 1.42115084e-02
  2.63111722e-02 4.37474810e-02 6.96596950e-02 1.03538767e-01
  1.40034944e-01 1.70984924e-01 1.90673441e-01 1.98652148e-01]
 [2.83987331e-03 1.54957538e-02 8.84449575e-04 2.21891678e-03
  2.99031427e-03 1.73407025e-05 1.24192838e-05 1.17651052e-05
  8.97683931e-05 8.73869576e-04 4.15024487e-03 1.10427570e-02
  1.97791066e-02 3.26912105e-02 5.42551763e-02 8.76188651e-02
  1.31695658e-01 1.78192899e-01 2.15954214e-01 2.39185348e-01]
 [1.83886813e-03 1.15286252e-02 6.80250465e-04 1.64986588e-03
  3.11971409e-03 1.18678690e-05 9.06576861e-06 9.50727099e-06
  7.57400703e-05 8.27951648e-04 4.52975696e-03 1.27199525e-02
  2.12662145e-02 3.32828276e-02 5.36646619e-02 8.62396657e-02
  1.30736113e-01 1.78722903e-01 2.17794582e-01 2.41291806e-01]
 [1.80789398e-03 9.92661435e-03 6.90546702e-04 1.53229397e-03
  2.92630610e-03 1.20979867e-05 9.65944946e-06 1.00877332e-05
  8.11578211e-05 8.41443427e-04 4.58614621e-03 1.28684184e-02
  2.08877232e-02 3.20432261e-02 5.14538474e-02 8.35933611e-02
  1.29124731e-01 1.79658815e-01 2.21421003e-01 2.46524662e-01]
 [2.22273939e-03 1.27013586e-02 9.15812561e-04 1.97007577e-03
  4.12895018e-03 1.78352766e-05 1.39983222e-05 1.46568018e-05
  1.12186935e-04 1.09223532e-03 5.52111492e-03 1.42762121e-02
  2.20030546e-02 3.26427892e-02 5.13629057e-02 8.27934965e-02
  1.27883852e-01 1.78161874e-01 2.19240993e-01 2.42923915e-01]
 [1.50375953e-03 8.11081007e-03 6.31732808e-04 1.33082282e-03
  3.02517461e-03 1.38411597e-05 1.14395089e-05 1.26954874e-05
  1.00683559e-04 1.02935545e-03 5.32261655e-03 1.34249562e-02
  2.05023251e-02 3.04124113e-02 4.82995212e-02 7.94237927e-02
  1.25991821e-01 1.80191308e-01 2.26343706e-01 2.54317284e-01]
 [2.02094717e-03 1.14795845e-02 8.79290572e-04 1.88532867e-03
  4.24460229e-03 2.13748626e-05 1.71801166e-05 1.87541209e-05
  1.38877265e-04 1.25990482e-03 5.91548719e-03 1.39412070e-02
  2.06382405e-02 3.00965682e-02 4.73465584e-02 7.77629316e-02
  1.23984776e-01 1.78573787e-01 2.25556314e-01 2.54218251e-01]
 [1.37817243e-03 7.45430076e-03 6.11368159e-04 1.28522003e-03
  3.26371193e-03 1.63082823e-05 1.40054381e-05 1.62741799e-05
  1.25095467e-04 1.22043607e-03 5.92218293e-03 1.36452867e-02
  2.00648792e-02 2.92452145e-02 4.62229438e-02 7.66482577e-02
  1.23690844e-01 1.80142030e-01 2.29350448e-01 2.59682983e-01]
 [1.98638462e-03 1.13506345e-02 9.19640996e-04 1.95571734e-03
  4.76121809e-03 2.64024839e-05 2.14206721e-05 2.40262598e-05
  1.70751096e-04 1.46141241e-03 6.44208072e-03 1.40818497e-02
  2.02842560e-02 2.92339846e-02 4.58399840e-02 7.57446513e-02
  1.22265749e-01 1.78391859e-01 2.27433577e-01 2.57604450e-01]
 [1.39801891e-03 7.50743505e-03 6.54408068e-04 1.35283195e-03
  3.63020413e-03 1.97095396e-05 1.71004758e-05 2.03053041e-05
  1.50928099e-04 1.40500453e-03 6.46261871e-03 1.39710065e-02
  2.01124474e-02 2.90280264e-02 4.56734151e-02 7.58309737e-02
  1.22976229e-01 1.79992855e-01 2.29730234e-01 2.60066241e-01]
 [2.10213452e-03 1.20330099e-02 1.02675159e-03 2.15501455e-03
  5.48104662e-03 3.29521354e-05 2.65257786e-05 3.01679211e-05
  2.05756296e-04 1.67609798e-03 7.00249709e-03 1.44563252e-02
  2.04635393e-02 2.92494521e-02 4.56353091e-02 7.53237084e-02
  1.21776469e-01 1.77971944e-01 2.26876199e-01 2.56475151e-01]
 [1.44326221e-03 7.66759319e-03 7.04600301e-04 1.43845438e-03
  4.01255395e-03 2.35019124e-05 2.03571017e-05 2.45995325e-05
  1.77254376e-04 1.58988463e-03 6.99506141e-03 1.43822758e-02
  2.04041153e-02 2.92433556e-02 4.57862988e-02 7.58404359e-02
  1.22916631e-01 1.79790065e-01 2.29042009e-01 2.58497655e-01]]
44520173-Q7203799	[[1.25578269e-01 1.75598904e-01 1.40915707e-01 1.21862002e-01
  6.87606931e-02 9.54507887e-02 1.17602482e-01 8.79378617e-02
  3.78637761e-02 1.55399954e-02 5.03236940e-03 2.33984971e-03
  1.30259385e-03 8.99031409e-04 7.16285605e-04 6.16612029e-04
  5.53021615e-04 5.08072902e-04 4.74171218e-04 4.47494327e-04]
 [1.72299400e-01 1.04112096e-01 1.76834941e-01 1.89917624e-01
  4.58862670e-02 8.93046558e-02 1.05728969e-01 6.99652135e-02
  2.65710875e-02 9.43140034e-03 4.44624713e-03 2.00933474e-03
  9.61401500e-04 5.59360546e-04 4.10253298e-04 3.48426256e-04
  3.19211395e-04 3.04341025e-04 2.96701561e-04 2.93057150e-04]
 [1.63045868e-01 2.45071068e-01 1.92716151e-01 2.22605020e-01
  3.21096368e-02 3.43109109e-02 3.89198549e-02 3.81798856e-02
  2.16349121e-02 5.76682761e-03 2.80074566e-03 1.14589615e-03
  4.99265734e-04 2.83631234e-04 2.05806035e-04 1.70468178e-04
  1.50228967e-04 1.36800489e-04 1.27136038e-04 1.19822500e-04]
 [2.36588851e-01 2.69273698e-01 2.11563244e-01 2.23322794e-01
  2.13167761e-02 1.63452718e-02 9.69864521e-03 6.89427881e-03
  1.88179279e-03 8.46916169e-04 6.39649341e-04 2.91222997e-04
  2.24187985e-04 1.98123424e-04 1.78748815e-04 1.64355835e-04
  1.53604880e-04 1.45393700e-04 1.38909483e-04 1.33605587e-04]
 [2.46904790e-01 1.48232713e-01 2.42330387e-01 1.72823370e-01
  5.60796745e-02 5.71218766e-02 4.45083007e-02 2.38500070e-02
  3.95753887e-03 1.40054338e-03 1.11140485e-03 4.23611869e-04
  2.69230455e-04 2.05125354e-04 1.69455481e-04 1.47563536e-04
  1.32147834e-04 1.20170705e-04 1.10293928e-04 1.01861478e-04]
 [3.12140703e-01 1.29081115e-01 2.41269916e-01 2.38672346e-01
  3.80527377e-02 2.19013430e-02 9.23514273e-03 4.22456395e-03
  9.61249694e-04 8.54396028e-04 4.84815653e-04 3.77147255e-04
  3.71488946e-04 3.63050436e-04 3.52932489e-04 3.44518659e-04
  3.37292324e-04 3.30854527e-04 3.24957306e-04 3.19466868e-04]
 [2.47346818e-01 9.49826464e-02 2.22804040e-01 3.53837281e-01
  3.23223844e-02 1.97513215e-02 1.73629373e-02 8.17506574e-03
  2.04245909e-03 6.38686819e-04 3.75924457e-04 1.58508992e-04
  6.70551963e-05 3.63534346e-05 2.45244373e-05 1.89663479e-05
  1.58959574e-05 1.40472903e-05 1.28864986e-05 1.21431749e-05]
 [3.20364147e-01 1.20059460e-01 1.78110898e-01 3.14991534e-01
  9.33545455e-03 2.03102604e-02 2.08973344e-02 1.08673684e-02
  3.14419647e-03 5.98188548e-04 6.95261464e-04 2.58873915e-04
  1.05247804e-04 5.79440930e-05 4.23780912e-05 3.62140418e-05
  3.32129566e-05 3.15395482e-05 3.05331087e-05 2.98982322e-05]
 [1.92074537e-01 1.17863685e-01 1.58127859e-01 1.92678824e-01
  3.97092476e-02 1.19721733e-01 1.19710252e-01 4.60648909e-02
  7.87249021e-03 1.54003978e-03 9.09416238e-04 4.29092004e-04
  3.70011403e-04 3.75724107e-04 3.95217037e-04 4.14687820e-04
  4.28688072e-04 4.36529983e-04 4.39151016e-04 4.37870243e-04]
 [5.62050231e-02 6.35479093e-02 4.35796566e-02 4.76659089e-02
  5.46784513e-02 2.31358424e-01 2.69665569e-01 1.25261664e-01
  4.06276956e-02 1.29480464e-02 8.88064317e-03 5.16736787e-03
  4.77952370e-03 4.84248111e-03 4.96497005e-03 5.08736679e-03
  5.17212413e-03 5.20824967e-03 5.20028267e-03 5.15869679e-03]
 [8.12117457e-02 9.53365043e-02 5.85674830e-02 4.98033725e-02
  5.51915392e-02 2.58323371e-01 2.46885791e-01 9.93041024e-02
  2.88295336e-02 7.79141858e-03 5.17223915e-03 2.53816647e-03
  1.73215545e-03 1.44919951e-03 1.36213668e-03 1.33678131e-03
  1.32291194e-03 1.30559504e-03 1.28218334e-03 1.25379022e-03]
 [1.18217014e-01 1.18854828e-01 9.00915042e-02 6.44726008e-02
  4.81980294e-02 2.09603310e-01 2.13197440e-01 9.11340490e-02
  2.82207690e-02 6.67211832e-03 4.23569558e-03 1.81578484e-03
  9.75391536e-04 7.14542228e-04 6.39810693e-04 6.16637757e-04
  6.04706525e-04 5.92956203e-04 5.79172047e-04 5.63624082e-04]
 [1.15160592e-01 1.20360374e-01 9.84347090e-02 6.54258505e-02
  4.57175113e-02 1.97183073e-01 2.13460863e-01 9.45721418e-02
  3.05838902e-02 7.38506950e-03 4.87795332e-03 2.06208648e-03
  9.87606356e-04 6.65674626e-04 5.71575307e-04 5.39473724e-04
  5.23133262e-04 5.09787758e-04 4.96318156e-04 4.82343108e-04]
 [1.04385957e-01 1.13749892e-01 9.55508500e-02 6.05635941e-02
  4.55431528e-02 1.97186291e-01 2.24651486e-01 1.01195984e-01
  3.41737755e-02 8.87755118e-03 6.35160832e-03 2.71361414e-03
  1.19712914e-03 7.42708566e-04 6.02385611e-04 5.48228854e-04
  5.19494468e-04 4.98993439e-04 4.81587835e-04 4.65698919e-04]
 [9.76011083e-02 1.14282772e-01 9.32180062e-02 5.79339527e-02
  4.40174490e-02 1.96222737e-01 2.32682183e-01 1.03868634e-01
  3.58622037e-02 9.59072448e-03 7.17639271e-03 2.97882291e-03
  1.20868569e-03 6.97885698e-04 5.39166795e-04 4.75166424e-04
  4.40909760e-04 4.17916221e-04 4.00095072e-04 3.85114428e-04]
 [9.92441848e-02 1.18190654e-01 9.60995033e-02 5.55789359e-02
  4.10175174e-02 1.96551412e-01 2.31695861e-01 1.04793683e-01
  3.68119441e-02 9.11434833e-03 5.99453272e-03 2.18749652e-03
  7.99279776e-04 4.29939042e-04 3.16986931e-04 2.70674966e-04
  2.45910021e-04 2.29905389e-04 2.18212735e-04 2.08965415e-04]
 [1.01189554e-01 1.22486286e-01 9.41644311e-02 5.08798324e-02
  3.44275907e-02 2.02519789e-01 2.34389886e-01 1.06467828e-01
  3.78411822e-02 8.04744381e-03 4.54695662e-03 1.47415628e-03
  4.98325971e-04 2.54185143e-04 1.80327814e-04 1.49732368e-04
  1.33378417e-04 1.23043574e-04 1.15780364e-04 1.10297646e-04]
 [9.95077938e-02 1.23825006e-01 8.60643983e-02 4.45579514e-02
  2.59174034e-02 2.13090971e-01 2.45858431e-01 1.10270247e-01
  3.91413495e-02 6.62429584e-03 3.23815085e-03 9.67455970e-04
  3.12055927e-04 1.54257767e-04 1.06949665e-04 8.73180470e-05
  7.68757891e-05 7.03920377e-05 6.59681464e-05 6.27562767e-05]
 [9.54685062e-02 1.21965781e-01 7.56854638e-02 3.91587391e-02
  1.79693345e-02 2.20701009e-01 2.63328969e-01 1.16683349e-01
  4.07729112e-02 5.00638317e-03 2.10425840e-03 5.96298894e-04
  1.88347214e-04 9.21740793e-05 6.35299439e-05 5.16753935e-05
  4.54125038e-05 4.15781396e-05 3.90198438e-05 3.72191862e-05]
 [9.06704441e-02 1.16768338e-01 6.63166940e-02 3.55065167e-02
  1.23957330e-02 2.21935511e-01 2.82003462e-01 1.25114799e-01
  4.32877503e-02 3.81962210e-03 1.41901022e-03 3.92037473e-04
  1.23724705e-04 6.07877992e-05 4.20563119e-05 3.43161300e-05
  3.02498192e-05 2.77874533e-05 2.61727200e-05 2.50639205e-05]]
44520173-Q13715201	[[9.44821984e-02 1.31698951e-01 9.16763023e-02 7.72172660e-02
  1.20527655e-01 9.92250964e-02 9.44012329e-02 1.08736008e-01
  9.08159241e-02 5.25447167e-02 2.12492738e-02 8.56671296e-03
  3.80717893e-03 1.61006441e-03 8.85480084e-04 6.53404219e-04
  5.52419806e-04 4.89773753e-04 4.45994287e-04 4.14310896e-04]
 [9.66221467e-02 1.06096163e-01 1.03818975e-01 1.19374141e-01
  8.81850868e-02 8.63793567e-02 9.73625630e-02 1.08868994e-01
  1.05729632e-01 4.72253375e-02 1.57661680e-02 5.70844952e-03
  3.32479156e-03 2.97723152e-03 2.57545244e-03 2.30229436e-03
  2.09822669e-03 1.95112533e-03 1.85133575e-03 1.78258948e-03]
 [1.09020606e-01 9.46488455e-02 1.93914577e-01 7.21263289e-02
  1.21662430e-01 1.02125369e-01 8.20932388e-02 8.18765461e-02
  5.72619885e-02 4.74284254e-02 1.75764430e-02 5.01692807e-03
  2.31564674e-03 1.80522923e-03 1.78587262e-03 1.84659078e-03
  1.88459607e-03 1.88417197e-03 1.87048013e-03 1.85560843e-03]
 [1.06490515e-01 5.97500801e-02 3.45541000e-01 2.72813030e-02
  7.65191466e-02 3.79815325e-02 6.31598011e-02 1.24121703e-01
  8.20227936e-02 6.64368942e-02 9.69982333e-03 8.34733946e-04
  1.05787462e-04 2.34861309e-05 8.67801737e-06 5.64737866e-06
  4.79734899e-06 4.35536595e-06 4.05857918e-06 3.84489476e-06]
 [1.36843354e-01 1.23386957e-01 1.65370077e-01 3.26505639e-02
  6.92837462e-02 4.23588231e-02 8.65237340e-02 1.73314199e-01
  1.11557335e-01 5.13920859e-02 6.52097631e-03 5.59666718e-04
  1.07267566e-04 4.18777054e-05 2.05808192e-05 1.51286431e-05
  1.38413916e-05 1.33600752e-05 1.31760708e-05 1.31793386e-05]
 [1.14640623e-01 1.27754375e-01 1.17829181e-01 3.41243073e-02
  1.33269772e-01 3.81889828e-02 5.23267984e-02 9.74904001e-02
  9.95975882e-02 1.52887002e-01 2.74553169e-02 3.48686893e-03
  5.75487851e-04 1.40228163e-04 5.48696189e-05 3.86151150e-05
  3.55901648e-05 3.47691021e-05 3.45482767e-05 3.46719826e-05]
 [1.06585726e-01 1.07704401e-01 1.48437753e-01 1.01478316e-01
  1.67492688e-01 1.02688715e-01 8.43649358e-02 7.21438229e-02
  4.76385318e-02 3.49454246e-02 1.88971534e-02 6.46050693e-03
  9.04275919e-04 1.26548985e-04 3.63880717e-05 2.25006115e-05
  1.94728764e-05 1.82693129e-05 1.75327041e-05 1.70094263e-05]
 [1.05388694e-01 8.97118524e-02 1.12881973e-01 6.25632107e-02
  2.49291942e-01 1.01221010e-01 8.42803121e-02 9.42831784e-02
  4.43380699e-02 2.54624505e-02 1.86402909e-02 1.03090573e-02
  1.32647867e-03 1.52459019e-04 3.98249540e-05 2.43792892e-05
  2.15646869e-05 2.09891987e-05 2.10032758e-05 2.12664054e-05]
 [1.24209300e-01 8.69232118e-02 1.02114275e-01 9.47560444e-02
  1.87286988e-01 9.36978087e-02 9.50103700e-02 1.02401249e-01
  6.96498677e-02 2.97823437e-02 9.69784893e-03 3.04612005e-03
  6.53075404e-04 2.03523115e-04 1.07734180e-04 9.02619795e-05
  8.99362349e-05 9.15581986e-05 9.33077608e-05 9.51916154e-05]
 [1.19261570e-01 7.54552260e-02 1.19630873e-01 9.28153172e-02
  1.72970295e-01 9.56752449e-02 1.01469330e-01 1.07073344e-01
  6.93045184e-02 3.06104794e-02 1.07768942e-02 3.45385261e-03
  6.87824853e-04 2.00475639e-04 1.11572183e-04 9.69049070e-05
  9.80941404e-05 1.00530284e-04 1.02732476e-04 1.04898558e-04]
 [1.16110615e-01 7.69803151e-02 1.22278154e-01 8.99458155e-02
  1.56007543e-01 9.94347930e-02 1.09747618e-01 1.12927586e-01
  7.05971792e-02 3.01059093e-02 1.06043294e-02 3.52955610e-03
  7.47867278e-04 2.29042038e-04 1.34301052e-04 1.18939883e-04
  1.20894234e-04 1.23926278e-04 1.26520987e-04 1.29005261e-04]
 [1.14248693e-01 7.98618197e-02 1.13815606e-01 9.05767530e-02
  1.37793258e-01 9.85059068e-02 1.20318107e-01 1.22733794e-01
  7.64737725e-02 2.95289848e-02 1.00926757e-02 3.59931309e-03
  9.15757089e-04 3.29671282e-04 2.11123348e-04 1.91149054e-04
  1.94537221e-04 1.99151662e-04 2.03058080e-04 2.06813987e-04]
 [1.11902021e-01 8.08297694e-02 1.08378269e-01 9.23299342e-02
  1.27012223e-01 9.79302600e-02 1.27838716e-01 1.28734171e-01
  8.04258138e-02 2.84130070e-02 9.40942392e-03 3.58255813e-03
  1.05529639e-03 4.33464884e-04 2.99350853e-04 2.75074417e-04
  2.79384898e-04 2.85277260e-04 2.90435913e-04 2.95550970e-04]
 [1.10060826e-01 8.21432173e-02 1.03715189e-01 9.24188346e-02
  1.20746538e-01 9.63663980e-02 1.32338539e-01 1.32700667e-01
  8.48986730e-02 2.82819457e-02 8.92630219e-03 3.54180788e-03
  1.15174800e-03 5.18928340e-04 3.80152953e-04 3.51782393e-04
  3.55487573e-04 3.61650717e-04 3.67562461e-04 3.73770948e-04]
 [1.08371183e-01 8.38632509e-02 9.87151340e-02 9.12910625e-02
  1.17091164e-01 9.44617093e-02 1.35485545e-01 1.35777012e-01
  8.99091810e-02 2.87684295e-02 8.54824763e-03 3.45674669e-03
  1.19490316e-03 5.71339217e-04 4.36528731e-04 4.03996761e-04
  4.05130093e-04 4.10271896e-04 4.16205672e-04 4.22998535e-04]
 [1.06443629e-01 8.51490870e-02 9.32099447e-02 9.01100412e-02
  1.14991546e-01 9.23531204e-02 1.39010593e-01 1.38983786e-01
  9.52029526e-02 2.91531365e-02 8.06184486e-03 3.24960821e-03
  1.15236139e-03 5.55585721e-04 4.23457270e-04 3.87519132e-04
  3.84418934e-04 3.87163775e-04 3.91978654e-04 3.98208795e-04]
 [1.04556829e-01 8.53964388e-02 8.70589912e-02 8.98772627e-02
  1.15262344e-01 8.96764845e-02 1.43011346e-01 1.41867369e-01
  1.00634202e-01 2.91415136e-02 7.42779579e-03 2.92313914e-03
  1.02022511e-03 4.53478977e-04 3.14513949e-04 2.78840511e-04
  2.72315810e-04 2.72381294e-04 2.75113562e-04 2.79365398e-04]
 [1.02964692e-01 8.54935050e-02 8.00512731e-02 9.02046934e-02
  1.20394848e-01 8.75549987e-02 1.45773679e-01 1.41838491e-01
  1.04967810e-01 2.92363204e-02 6.82990346e-03 2.55792565e-03
  8.44674767e-04 3.22927866e-04 1.90342849e-04 1.60451935e-04
  1.53342029e-04 1.51962304e-04 1.52951427e-04 1.55178437e-04]
 [1.02082513e-01 8.67664516e-02 7.25874752e-02 9.03716087e-02
  1.34030297e-01 8.73726308e-02 1.45121410e-01 1.36195704e-01
  1.05854265e-01 2.97970977e-02 6.32511871e-03 2.15870095e-03
  6.50931965e-04 2.08390309e-04 1.02222970e-04 8.06378303e-05
  7.47223676e-05 7.29996318e-05 7.30048632e-05 7.38809904e-05]
 [1.02709346e-01 9.01419446e-02 6.52734265e-02 8.91557187e-02
  1.61239550e-01 8.97562429e-02 1.38255730e-01 1.23137102e-01
  1.00773141e-01 3.09510976e-02 6.03348622e-03 1.76102854e-03
  4.62594704e-04 1.25428938e-04 5.24849966e-05 3.85357562e-05
  3.44091168e-05 3.29995310e-05 3.27039052e-05 3.29656868e-05]]
44520173-Q13715203	[[8.94420147e-02 8.96748900e-02 1.03806064e-01 4.72378880e-02
  5.24065383e-02 8.86021182e-02 6.33358443e-03 8.23858660e-03
  1.92896798e-02 3.48022953e-02 7.10664913e-02 2.79497616e-02
  4.17658500e-02 5.64406812e-02 6.02947026e-02 5.17394915e-02
  4.27807458e-02 3.83118726e-02 3.57461907e-02 3.40705030e-02]
 [2.12737639e-02 1.86801255e-02 1.37505643e-02 9.10348911e-03
  5.47504891e-03 3.44776758e-03 6.99348096e-03 1.15815857e-02
  2.41873357e-02 3.18174846e-02 3.99563462e-02 1.46420673e-01
  4.94801141e-02 4.81657460e-02 8.44265074e-02 1.06476724e-01
  9.96969119e-02 9.57204849e-02 9.29143354e-02 9.04314816e-02]
 [3.08237434e-03 1.59021150e-02 2.14572728e-01 4.78911176e-02
  6.59528300e-02 1.50438532e-01 4.89532411e-01 4.68607573e-03
  7.12666614e-03 1.37717361e-04 2.03459672e-06 4.60275005e-05
  2.54185443e-06 1.73641195e-06 1.09414168e-05 5.49537399e-05
  1.00481338e-04 1.31665351e-04 1.54773646e-04 1.72220753e-04]
 [3.81851161e-04 1.86561153e-03 3.88730057e-02 1.00271683e-02
  7.69248232e-03 1.21134100e-02 9.13213551e-01 8.69566388e-03
  6.68284390e-03 1.30103508e-04 7.09301787e-07 1.96745706e-04
  3.22891788e-06 5.63007347e-07 1.79179995e-06 9.19263039e-06
  1.79083418e-05 2.52788559e-05 3.16623700e-05 3.71850911e-05]
 [6.44447864e-04 3.34265828e-03 8.04230347e-02 2.17371546e-02
  1.88200064e-02 2.55690496e-02 8.16684842e-01 2.28428449e-02
  9.34745651e-03 8.90111769e-05 1.29593013e-06 2.21295311e-04
  4.82273117e-06 1.25053316e-06 4.19572007e-06 2.05826691e-05
  3.92444235e-05 5.52313068e-05 6.95310664e-05 8.19692796e-05]
 [6.17967045e-04 3.25918221e-03 8.28572065e-02 2.40087025e-02
  1.79750528e-02 2.12704353e-02 7.99119115e-01 4.29719463e-02
  7.61060091e-03 3.58667166e-05 9.68642325e-07 1.22814265e-04
  2.83404415e-06 7.10541656e-07 2.34718482e-06 1.11053232e-05
  2.09821701e-05 2.97237784e-05 3.77604520e-05 4.48283899e-05]
 [1.10037229e-03 5.85174840e-03 1.38020828e-01 3.43370289e-02
  2.65048258e-02 3.21004763e-02 6.98850453e-01 5.50460368e-02
  7.82950781e-03 3.31657211e-05 1.44522733e-06 1.29480191e-04
  3.86733791e-06 1.12176895e-06 3.51822359e-06 1.55090129e-05
  2.79938031e-05 3.85828498e-05 4.80332965e-05 5.60184999e-05]
 [1.35674339e-03 6.93366583e-03 1.54879674e-01 3.78631167e-02
  2.75662690e-02 3.31716090e-02 6.60255492e-01 6.89909160e-02
  8.58337898e-03 3.35785189e-05 1.91450113e-06 1.33287773e-04
  4.74114313e-06 1.41666408e-06 4.43071394e-06 1.89783605e-05
  3.35855948e-05 4.57381284e-05 5.63752947e-05 6.51159426e-05]
 [1.61682477e-03 8.24737083e-03 1.81598052e-01 4.16382588e-02
  3.05931214e-02 3.82566899e-02 6.16171062e-01 7.17050433e-02
  9.67974029e-03 3.98991033e-05 2.66998245e-06 1.57468152e-04
  6.44368220e-06 2.01809939e-06 6.21634945e-06 2.55677351e-05
  4.38578827e-05 5.84630397e-05 7.08139996e-05 8.05257223e-05]
 [1.73984782e-03 8.73957016e-03 1.91347525e-01 4.27051671e-02
  3.06030940e-02 3.83373760e-02 6.01535559e-01 7.41835162e-02
  1.02728307e-02 4.32803099e-05 3.12365319e-06 1.66581813e-04
  7.43961527e-06 2.32135062e-06 7.07735398e-06 2.86430604e-05
  4.84795528e-05 6.41404404e-05 7.71989944e-05 8.72388991e-05]
 [1.80029671e-03 9.04821884e-03 1.99200317e-01 4.33793217e-02
  3.07427943e-02 3.87016423e-02 5.90327561e-01 7.54045248e-02
  1.07887993e-02 4.70268751e-05 3.62217224e-06 1.88855061e-04
  8.78680385e-06 2.77788058e-06 8.44805072e-06 3.35121294e-05
  5.57147141e-05 7.29504391e-05 8.70975200e-05 9.77083691e-05]
 [1.87227433e-03 9.34719108e-03 2.05067188e-01 4.35621552e-02
  3.04479655e-02 3.83725613e-02 5.84076464e-01 7.56658390e-02
  1.09599419e-02 4.83959593e-05 3.87502541e-06 1.94574051e-04
  9.40759219e-06 2.98269060e-06 9.03059026e-06 3.54050790e-05
  5.81861932e-05 7.57792586e-05 9.01197709e-05 1.00725505e-04]
 [1.90819835e-03 9.55377147e-03 2.10031494e-01 4.39160578e-02
  3.03969923e-02 3.82485203e-02 5.77761829e-01 7.64635652e-02
  1.10449903e-02 4.99427806e-05 4.17300089e-06 2.08982921e-04
  1.03168177e-05 3.32214267e-06 1.00640464e-05 3.89023407e-05
  6.30743743e-05 8.16000247e-05 9.65942527e-05 1.07528409e-04]
 [1.97963882e-03 9.88284312e-03 2.16035381e-01 4.41432483e-02
  3.02564986e-02 3.80806811e-02 5.71739554e-01 7.62455314e-02
  1.09513197e-02 5.02422554e-05 4.31949366e-06 2.11642197e-04
  1.06979578e-05 3.47309538e-06 1.04919218e-05 4.01501711e-05
  6.44427200e-05 8.30254430e-05 9.80238037e-05 1.08871463e-04]
 [2.01876485e-03 1.01025123e-02 2.19937906e-01 4.43732515e-02
  3.01853456e-02 3.78627479e-02 5.66804707e-01 7.71279559e-02
  1.08685484e-02 5.09765523e-05 4.52540962e-06 2.21566617e-04
  1.13640626e-05 3.74571960e-06 1.13207725e-05 4.28459061e-05
  6.80453595e-05 8.72709570e-05 1.02749058e-04 1.13860464e-04]
 [2.09771935e-03 1.04781892e-02 2.26192534e-01 4.45915870e-02
  3.01211458e-02 3.78234461e-02 5.60619414e-01 7.66647980e-02
  1.06861675e-02 5.11221406e-05 4.63668039e-06 2.23440467e-04
  1.16569026e-05 3.87565433e-06 1.16664551e-05 4.37582021e-05
  6.88788205e-05 8.80394800e-05 1.03454477e-04 1.14468574e-04]
 [2.13868753e-03 1.06952172e-02 2.28947595e-01 4.46760990e-02
  3.00099347e-02 3.75631154e-02 5.56907177e-01 7.77313560e-02
  1.05765192e-02 5.17448607e-05 4.81834013e-06 2.32178572e-04
  1.22454621e-05 4.12792542e-06 1.24253293e-05 4.61797026e-05
  7.20697644e-05 9.18151345e-05 1.07697655e-04 1.19004275e-04]
 [2.22656108e-03 1.11105377e-02 2.35054001e-01 4.48618159e-02
  2.99850237e-02 3.76062579e-02 5.50912380e-01 7.71192908e-02
  1.03654824e-02 5.18803172e-05 4.91549827e-06 2.33506318e-04
  1.24839971e-05 4.24376549e-06 1.27086314e-05 4.68603066e-05
  7.25754144e-05 9.22053732e-05 1.08003580e-04 1.19223092e-04]
 [2.26950715e-03 1.13238059e-02 2.36868039e-01 4.48489338e-02
  2.98566837e-02 3.73450555e-02 5.48164010e-01 7.82774240e-02
  1.02593806e-02 5.25475552e-05 5.09351867e-06 2.42014692e-04
  1.30491226e-05 4.49227991e-06 1.34439215e-05 4.91873616e-05
  7.56454683e-05 9.58691744e-05 1.12160800e-04 1.23714563e-04]
 [2.36463151e-03 1.17639694e-02 2.42537275e-01 4.49910462e-02
  2.98486631e-02 3.74318287e-02 5.42636871e-01 7.75914192e-02
  1.00442413e-02 5.27141747e-05 5.18509842e-06 2.42978975e-04
  1.32498080e-05 4.59699459e-06 1.36758008e-05 4.96957146e-05
  7.59404138e-05 9.60373291e-05 1.12248825e-04 1.23735284e-04]]
