44520173-Q7203795	[[7.13586982e-04 1.30215485e-04 1.31378474e-03 6.64984658e-02
  5.23299456e-01 1.15780334e-03 5.41669608e-04 2.21459027e-02
  6.43884414e-04 1.01971847e-03 1.72806442e-01 1.22611240e-01
  2.50857876e-04 4.40960601e-02 3.25451046e-02 8.38476047e-03
  1.11527908e-04 6.68389039e-05 3.49512302e-05 3.29241957e-05
  4.51481101e-05 4.80413109e-05 3.07174232e-05 5.76423154e-05
  3.33769458e-05 5.02654439e-05 2.66249917e-05 3.34018187e-05
  2.91770393e-05 4.20815413e-05 3.34575452e-05 4.56884081e-05
  3.55631382e-05 3.67401772e-05 7.23987396e-05 4.06819818e-05
  5.30088291e-05 8.26487667e-05 4.66105048e-05 1.78508213e-04
  1.43145953e-04 7.14836569e-05 3.37062920e-05 4.61977033e-05
  2.30302776e-05 2.85516726e-05 6.08358714e-05 4.07303123e-05
  6.75813280e-05 5.76181301e-05]
 [2.92130171e-05 1.91999497e-04 9.32991679e-04 1.64202705e-01
  2.22655579e-01 1.63296092e-04 3.40904156e-03 2.44439185e-01
  2.20952579e-03 9.02505312e-03 2.07887366e-01 2.15752069e-02
  8.34514067e-05 1.12072989e-01 3.65696289e-03 1.65185367e-03
  2.00214636e-05 4.86014942e-05 6.30827926e-05 5.91769931e-04
  6.80258614e-04 9.04766057e-05 1.25906576e-04 1.31393041e-04
  2.56402243e-04 1.01201666e-04 1.32404690e-04 1.11970628e-04
  1.20026867e-04 7.51617699e-05 7.51093175e-05 7.42031916e-05
  7.95923115e-05 1.22706304e-04 1.04241881e-04 1.60147203e-04
  1.32867324e-04 1.24333426e-04 1.76607020e-04 1.94360109e-04
  2.50152341e-04 2.33224113e-04 2.59719673e-04 3.05058958e-04
  1.58520779e-04 2.49143603e-04 2.58253567e-04 1.36075862e-04
  8.57123669e-05 8.48458949e-05]
 [3.35057138e-07 1.33984906e-06 8.60919536e-05 5.62316200e-05
  3.19096050e-03 1.19170290e-05 1.79556504e-04 7.45070793e-05
  3.92785616e-04 5.44236449e-04 3.94141197e-01 3.78152430e-01
  4.87248763e-04 6.37233108e-02 1.97277386e-02 1.81688033e-02
  6.12762291e-03 7.15983240e-03 1.19918364e-03 7.96103559e-04
  8.89652595e-03 4.94185544e-04 9.29720816e-04 5.39716450e-04
  5.15662599e-03 5.34282881e-04 2.25627399e-03 2.81669386e-03
  2.54793325e-03 1.18401449e-03 9.93076945e-04 1.03196118e-03
  7.58869981e-04 2.51360144e-03 9.34721611e-04 7.16628134e-03
  3.86296143e-03 1.06630998e-03 7.58671016e-03 1.26980059e-03
  3.96589143e-03 5.50163630e-03 1.88017786e-02 7.76600651e-03
  4.36415197e-03 3.69501393e-03 2.94577144e-03 4.37445613e-03
  9.64655483e-04 8.59020045e-04]
 [1.10255530e-06 1.16701878e-04 1.49617859e-04 1.22507685e-03
  2.99675949e-03 2.81009416e-05 1.66088506e-03 7.42695236e-04
  1.14013162e-03 2.87810303e-02 1.91743284e-01 5.90508461e-01
  7.28751626e-03 8.64792243e-03 1.80583131e-02 2.97471061e-02
  9.23490338e-03 4.82529681e-03 1.13030896e-03 2.93506030e-03
  3.07321195e-02 7.03515485e-04 3.41328164e-03 3.74512223e-04
  2.17906525e-03 3.37729463e-04 1.80408091e-03 2.50949548e-03
  5.38202701e-04 2.24009375e-04 2.03602540e-04 2.02753465e-04
  1.62535696e-04 6.48169778e-04 2.63831025e-04 6.01815293e-03
  3.12161236e-03 7.09605229e-04 1.03891473e-02 4.23414982e-04
  1.41203159e-03 3.08499904e-03 1.04640769e-02 2.43950798e-03
  4.48930170e-03 7.50656659e-03 9.34082142e-04 2.18483340e-03
  6.79061050e-04 8.86420021e-04]
 [1.01971418e-08 8.43931673e-07 1.24649159e-06 3.63030413e-05
  6.56954853e-06 8.58600728e-08 2.58776010e-03 2.42273145e-05
  1.39770418e-06 1.51385566e-05 1.21767312e-01 9.25619039e-04
  1.00524360e-02 8.51925313e-01 1.00989910e-02 2.47653923e-03
  3.61770290e-05 1.82020085e-05 2.47673506e-06 1.15398398e-05
  3.53743826e-06 7.59992105e-08 1.27557371e-07 9.60087192e-08
  2.23276345e-07 2.17422240e-08 3.00864343e-07 2.59185214e-07
  1.98535915e-07 9.11720974e-08 7.63516894e-08 6.17766673e-08
  5.26826902e-08 1.22483442e-07 2.73025034e-08 7.07383720e-07
  2.98788450e-07 4.30337224e-08 3.13466131e-07 2.94410292e-08
  3.16700863e-07 7.69139547e-07 2.53764370e-06 6.69801238e-07
  2.79727516e-07 1.11093492e-07 1.57711483e-07 2.09670716e-07
  2.98113711e-08 2.20397585e-08]
 [1.96698261e-06 3.68114049e-03 1.28659522e-04 3.82387632e-04
  1.59162119e-05 2.30534824e-05 4.89992322e-04 4.99351732e-02
  1.08073966e-03 5.53201810e-02 5.17508209e-01 2.49594927e-01
  1.18306438e-02 1.23402085e-02 2.48286221e-02 1.39886588e-02
  2.56443359e-02 1.24492608e-02 2.52488162e-03 3.05401604e-03
  4.21311567e-03 3.95017618e-04 4.65724443e-04 3.60787410e-04
  2.24658332e-04 1.48121500e-04 3.67001281e-04 3.51493451e-04
  1.80174247e-04 9.18030128e-05 1.09853485e-04 1.01148042e-04
  9.38480371e-05 2.35663858e-04 1.77655718e-04 5.73735742e-04
  4.73725377e-04 3.41095729e-04 5.53421036e-04 1.10540481e-04
  3.69577203e-04 5.69061725e-04 1.94240175e-03 4.13564936e-04
  5.63655107e-04 4.80947347e-04 4.42124583e-04 2.92733894e-04
  2.89903342e-04 2.44487688e-04]
 [1.31668903e-05 2.45765503e-03 1.59339719e-02 4.43366636e-03
  7.72529840e-03 9.52589419e-03 2.29576200e-01 4.50363476e-03
  1.26946419e-01 2.62503736e-02 1.60407852e-02 1.07670076e-01
  1.78051099e-01 1.29129533e-02 2.18319446e-01 1.89005397e-02
  3.03401169e-03 3.34068481e-03 1.84739637e-03 3.87049420e-03
  1.65092025e-03 1.78604852e-04 3.22737469e-04 2.97048013e-04
  1.23132966e-04 8.31935758e-05 1.45312501e-04 1.63051809e-04
  1.30262866e-04 1.16917421e-04 9.64968567e-05 9.96738090e-05
  9.06485438e-05 1.08424400e-04 1.25240389e-04 2.56815372e-04
  3.22204840e-04 3.51141993e-04 5.45124873e-04 1.10037676e-04
  1.78998147e-04 3.52030213e-04 5.68326039e-04 3.25313391e-04
  3.00815504e-04 6.19696453e-04 3.67257802e-04 1.52792723e-04
  2.27502824e-04 2.36577354e-04]
 [1.19206774e-07 1.35792547e-03 5.06687036e-04 2.48213939e-04
  1.11889931e-05 1.13573219e-06 3.09982942e-03 1.07859269e-04
  2.96123209e-04 9.59895042e-05 7.78723121e-01 2.78529376e-02
  1.60046369e-01 1.20040094e-02 2.38614669e-03 9.68082435e-03
  2.27105757e-03 8.00622336e-04 7.46007936e-05 1.01700418e-04
  9.44559943e-05 8.38391770e-06 4.80616154e-06 3.72126715e-06
  5.88403236e-05 5.33720367e-06 7.52746746e-06 5.86114038e-06
  5.29524550e-06 4.66017582e-06 2.28323256e-06 3.08345034e-06
  1.74428578e-06 1.03198317e-05 3.76437833e-06 5.89098045e-06
  2.76392393e-06 1.41714531e-06 5.71959299e-06 1.43192335e-06
  4.17292722e-06 2.52913705e-05 2.49071036e-05 1.24740736e-05
  3.82516100e-06 2.98353370e-06 3.59273122e-06 1.12975567e-05
  3.32950231e-06 4.46963668e-06]
 [3.92347556e-06 4.77548252e-04 1.92293408e-03 5.05795586e-04
  1.76117123e-06 1.39385833e-07 2.49813544e-04 1.83190496e-04
  7.92404262e-06 6.60179928e-03 9.72884178e-01 3.36701050e-03
  6.92950515e-03 5.95315266e-03 4.76371206e-05 7.97995774e-04
  1.37503903e-05 3.96130235e-06 1.21194387e-06 6.90140314e-06
  5.28585542e-06 5.82803921e-07 8.76755792e-07 7.34426692e-07
  2.78785797e-06 5.73129682e-07 7.79015522e-07 3.40836976e-07
  3.51392458e-07 3.46180286e-07 2.42773979e-07 2.92589220e-07
  2.11395886e-07 3.38317136e-07 2.97828706e-07 8.92467142e-07
  3.71748030e-07 3.55755731e-07 1.78399580e-06 1.36168381e-07
  7.08966297e-07 4.54194105e-06 6.24351378e-06 1.88072738e-06
  9.74193881e-07 2.35298648e-06 2.12256759e-06 1.50142569e-06
  9.28161512e-07 1.02751437e-06]
 [2.76613911e-03 1.98091567e-03 3.23513187e-02 1.48811587e-03
  9.23713287e-06 2.29090347e-06 1.36268369e-04 1.72297485e-04
  5.52527263e-06 1.43638086e-02 7.88092613e-01 4.59420774e-03
  1.43766090e-01 7.85709172e-03 1.70875821e-04 1.75704714e-03
  7.81169438e-05 1.03930188e-05 3.15402349e-06 1.92449716e-05
  7.21328661e-06 2.21964910e-06 3.83149199e-06 6.29366468e-06
  1.78962000e-05 9.00661325e-06 8.32414935e-06 3.61313414e-06
  5.01492468e-06 3.64213270e-06 2.37266977e-06 2.38761231e-06
  1.82638041e-06 2.48379456e-06 5.01031627e-06 8.20074001e-06
  3.72011391e-06 6.06063304e-06 2.01482380e-05 1.60702473e-06
  7.62926993e-06 4.41509765e-05 5.86280912e-05 1.63634122e-05
  9.97633560e-06 2.83362588e-05 3.45771878e-05 1.45413233e-05
  1.39602444e-05 2.62161539e-05]
 [3.10701760e-03 1.44633593e-03 2.94142812e-02 8.22955044e-04
  5.40600831e-06 6.45421721e-07 2.19240363e-04 1.40812219e-04
  4.92042454e-06 1.19352876e-03 9.41656113e-01 1.80143584e-03
  1.14103612e-02 7.70460162e-03 1.00183039e-04 2.21411727e-04
  9.31145260e-05 1.91397321e-05 8.04791762e-06 1.42539820e-05
  1.20491040e-05 3.64048037e-06 6.88294858e-06 1.09954699e-05
  2.62081103e-05 1.19861161e-05 1.30140807e-05 5.34287892e-06
  7.11114126e-06 5.88665216e-06 3.99821738e-06 4.20970946e-06
  3.28329065e-06 4.12715281e-06 7.38561403e-06 1.80781917e-05
  7.70288534e-06 1.11185363e-05 3.50077426e-05 2.63063089e-06
  9.36985725e-06 8.84604742e-05 1.00475059e-04 2.98445811e-05
  1.58372222e-05 4.21880686e-05 5.41878617e-05 2.27156052e-05
  2.01762596e-05 3.22410160e-05]
 [2.67503608e-04 2.60925648e-04 1.93505129e-03 1.49072468e-04
  2.63917264e-06 2.56431576e-07 8.19730849e-05 5.69385702e-05
  6.67352015e-06 7.75500084e-04 9.80487168e-01 1.46419636e-03
  9.13998112e-03 4.57580620e-03 8.99618462e-05 3.95096140e-05
  1.36216229e-04 4.16953371e-05 1.96399287e-05 1.63302193e-05
  1.90218234e-05 5.54747294e-06 1.01013848e-05 1.30815533e-05
  2.71488880e-05 1.08677459e-05 1.35794235e-05 5.19739706e-06
  5.55615588e-06 5.51319636e-06 3.77778792e-06 4.34104732e-06
  3.35289587e-06 4.09286531e-06 6.41871247e-06 1.77175461e-05
  6.94191067e-06 9.57685825e-06 2.66463376e-05 1.64420828e-06
  4.62134267e-06 5.56899649e-05 6.09359377e-05 1.91384624e-05
  8.85935151e-06 2.35757580e-05 2.97083388e-05 1.41217397e-05
  1.42210874e-05 2.19418125e-05]
 [2.81966262e-04 2.10931365e-04 5.13485051e-04 7.17677685e-05
  2.31622107e-06 1.57455574e-07 3.61437924e-05 2.72597481e-05
  2.33446758e-06 5.96219616e-04 9.84347224e-01 1.04609085e-03
  8.24773125e-03 3.71972611e-03 5.68096439e-05 2.05465985e-05
  1.70548505e-04 5.50576442e-05 2.83909412e-05 2.13504773e-05
  3.18010498e-05 9.19417926e-06 1.75495661e-05 1.82416989e-05
  3.41439736e-05 1.37775305e-05 1.81976538e-05 7.33817660e-06
  6.75475530e-06 6.91196556e-06 4.92938716e-06 5.72125464e-06
  4.53172424e-06 5.51606263e-06 8.31758371e-06 2.45864376e-05
  9.81337780e-06 1.27339699e-05 3.56507917e-05 2.12724012e-06
  5.17754415e-06 5.65477058e-05 6.16836987e-05 1.98878733e-05
  9.85467159e-06 2.61856858e-05 2.89779728e-05 1.53437613e-05
  1.67406106e-05 2.55897303e-05]
 [6.38676982e-04 2.16502522e-04 2.03064541e-04 3.85621752e-05
  2.83084614e-06 1.28488168e-07 1.67658036e-05 1.83657176e-05
  6.36803975e-07 3.35269870e-04 9.89558578e-01 7.59612420e-04
  3.92495375e-03 3.28897755e-03 4.27092309e-05 1.02079075e-05
  1.32501926e-04 4.36028822e-05 2.61221758e-05 2.26844131e-05
  4.87387879e-05 1.41502633e-05 2.97697661e-05 2.38601424e-05
  4.27606246e-05 1.87162568e-05 2.41270591e-05 1.08835811e-05
  8.66176924e-06 9.28980626e-06 6.87844749e-06 8.05991658e-06
  6.55634130e-06 7.81157269e-06 1.16298570e-05 3.61367529e-05
  1.54377994e-05 1.85858953e-05 5.47205782e-05 3.37987854e-06
  7.26933058e-06 6.73048344e-05 6.81532183e-05 2.39577075e-05
  1.31062379e-05 3.49596376e-05 3.08109593e-05 1.84816290e-05
  2.15965210e-05 3.34869183e-05]
 [1.08712097e-03 1.06134707e-04 7.02172183e-05 2.22778690e-05
  3.81979044e-06 7.58541177e-08 7.32905119e-06 1.67813087e-05
  1.31665871e-07 1.15465729e-04 9.93243396e-01 4.53863235e-04
  7.89595710e-04 2.86683533e-03 2.81220637e-05 4.77417825e-06
  8.70089498e-05 3.22605301e-05 2.33080755e-05 2.20325874e-05
  7.64938668e-05 2.28040208e-05 5.40980873e-05 3.19563442e-05
  5.69127878e-05 2.68915683e-05 3.31111551e-05 1.69961659e-05
  1.18714261e-05 1.33605072e-05 1.03211787e-05 1.21788926e-05
  1.01580827e-05 1.18962917e-05 1.70947242e-05 5.37618798e-05
  2.50013582e-05 2.80305721e-05 8.78343199e-05 5.73741772e-06
  1.08879558e-05 8.44270835e-05 7.95546875e-05 3.15351026e-05
  1.94458771e-05 5.21768707e-05 3.45198750e-05 2.45409719e-05
  2.96031922e-05 4.61830969e-05]
 [3.61732044e-03 4.66153178e-05 3.98237025e-05 2.30159021e-05
  5.88258490e-06 5.65491192e-08 3.89174193e-06 1.78053706e-05
  5.16460297e-08 6.75238698e-05 9.90712583e-01 3.58108897e-04
  1.74696193e-04 2.54375231e-03 2.32259481e-05 3.53185533e-06
  7.41522672e-05 4.21501099e-05 3.42589774e-05 2.93219018e-05
  1.46506354e-04 4.91202591e-05 1.22991289e-04 5.49443394e-05
  1.05862142e-04 5.79724401e-05 6.85872219e-05 4.15647955e-05
  2.64917726e-05 3.15820180e-05 2.52085683e-05 3.02508324e-05
  2.54313236e-05 2.95409991e-05 4.11523106e-05 1.21856698e-04
  6.28483613e-05 6.68810608e-05 2.09732636e-04 1.48830313e-05
  2.47703356e-05 1.54851848e-04 1.38457806e-04 6.64385443e-05
  4.77016983e-05 1.27186213e-04 5.94495759e-05 5.29486169e-05
  6.55755866e-05 1.11437461e-04]
 [2.63872128e-02 2.39730380e-05 2.90224016e-05 4.24345271e-05
  8.80236530e-06 4.54623148e-08 2.83527629e-06 1.95130033e-05
  3.59258046e-08 7.59690083e-05 9.66388166e-01 3.31503310e-04
  7.07002400e-05 2.25242786e-03 2.31001577e-05 3.09666461e-06
  6.54743853e-05 5.93206605e-05 5.07719269e-05 3.44614054e-05
  2.22441333e-04 8.68338320e-05 2.28940771e-04 7.15760034e-05
  1.60660056e-04 1.04229410e-04 1.18386393e-04 8.88042268e-05
  5.31962469e-05 6.68795692e-05 5.45581352e-05 6.69334913e-05
  5.56715131e-05 6.68067732e-05 8.94681216e-05 2.33925137e-04
  1.36726347e-04 1.39088224e-04 4.28217027e-04 3.38538957e-05
  4.98699374e-05 2.42828086e-04 2.09242266e-04 1.29408189e-04
  1.12532289e-04 2.95954000e-04 8.54568643e-05 1.06064210e-04
  1.31453082e-04 2.61261448e-04]
 [2.00806573e-01 1.38597297e-05 1.88745580e-05 9.90045082e-05
  1.05805511e-05 3.39102861e-08 2.81279017e-06 2.14097145e-05
  3.31926771e-08 9.60570687e-05 7.91897953e-01 2.57386069e-04
  4.08657761e-05 1.65394926e-03 2.03343025e-05 1.94385848e-06
  4.50318184e-05 5.34110113e-05 4.94741944e-05 2.68072799e-05
  2.42830138e-04 9.99874246e-05 3.18156322e-04 5.51230187e-05
  1.59859163e-04 1.07877982e-04 1.13252092e-04 1.09855042e-04
  6.39696227e-05 7.84579170e-05 6.57351484e-05 8.14014566e-05
  6.67440327e-05 9.03983309e-05 1.11839203e-04 2.50334677e-04
  1.66061349e-04 1.59495976e-04 5.35036204e-04 4.75357811e-05
  6.17004189e-05 2.18812493e-04 1.93025684e-04 1.54491674e-04
  1.72643879e-04 4.49866639e-04 6.54990508e-05 1.33497044e-04
  1.51535045e-04 3.58700199e-04]
 [6.28084719e-01 8.15556359e-06 1.19708693e-05 1.37676354e-04
  7.22412005e-06 2.04010053e-08 2.41231646e-06 1.50442875e-05
  2.92837417e-08 5.91878888e-05 3.67126286e-01 1.24169601e-04
  1.96511519e-05 7.16805866e-04 1.05548488e-05 8.97481243e-07
  2.08465481e-05 2.83302761e-05 2.83032696e-05 1.23943219e-05
  1.79252587e-04 6.92891117e-05 2.81899847e-04 2.59042190e-05
  1.10887369e-04 6.90401139e-05 6.36906843e-05 8.12420694e-05
  4.92983199e-05 5.04563723e-05 4.36729752e-05 5.30117286e-05
  4.30164764e-05 7.29489184e-05 8.50929791e-05 1.60323572e-04
  1.16816322e-04 1.07383923e-04 4.27101593e-04 4.22638295e-05
  4.71619715e-05 1.06362873e-04 1.10447174e-04 1.02979699e-04
  1.57903327e-04 4.01449885e-04 2.93690900e-05 1.02833561e-04
  1.00560879e-04 2.93594436e-04]
 [8.58260691e-01 5.09396341e-06 7.54881512e-06 1.19474244e-04
  3.88011995e-06 1.08622258e-08 1.78038829e-06 9.22625532e-06
  2.09532249e-08 2.20306265e-05 1.38885111e-01 4.92693580e-05
  7.79495622e-06 2.76596606e-04 4.68202825e-06 4.04556545e-07
  1.00024054e-05 1.39850736e-05 1.42486706e-05 5.02022385e-06
  1.16102492e-04 4.21112563e-05 1.97883492e-04 1.23750915e-05
  6.70586160e-05 3.93882037e-05 3.26134141e-05 5.24204042e-05
  3.42197891e-05 2.70190940e-05 2.41846737e-05 2.76421397e-05
  2.24200030e-05 4.98249829e-05 5.83783876e-05 9.15223427e-05
  7.23964040e-05 6.60008955e-05 3.03507404e-04 3.29649192e-05
  3.20477084e-05 4.43894060e-05 5.95723359e-05 5.41023073e-05
  1.14888273e-04 2.77970626e-04 1.36091612e-05 6.95241397e-05
  6.02630607e-05 2.06713899e-04]]
44520173-Q7203796	[[1.14694913e-03 4.46867663e-04 6.90745364e-04 6.68820599e-03
  3.44574042e-02 1.48549525e-03 4.81674913e-03 1.19198747e-02
  3.41288256e-03 3.14359553e-03 1.22627027e-01 2.58421659e-01
  1.17200369e-03 3.42288464e-01 1.44949332e-01 4.10608575e-02
  7.97072251e-04 4.93889325e-04 3.09281662e-04 3.75511969e-04
  4.68255428e-04 4.90222999e-04 3.74922442e-04 6.41815597e-04
  3.64494306e-04 5.64344402e-04 3.34907265e-04 4.01127123e-04
  3.29961476e-04 4.99381917e-04 4.25419683e-04 5.54280472e-04
  4.58068098e-04 4.60450741e-04 7.95067230e-04 5.12108440e-04
  6.55392709e-04 9.48478701e-04 5.76105725e-04 2.10053357e-03
  1.88503356e-03 8.93480028e-04 4.33558482e-04 5.68155840e-04
  3.07210226e-04 3.96160001e-04 7.75053632e-04 5.19359310e-04
  8.39818036e-04 7.22834608e-04]
 [2.90046725e-03 1.51443214e-03 6.64184743e-04 4.37056832e-03
  1.45694101e-02 3.92294714e-05 4.26956860e-04 1.02256954e-01
  3.93560715e-03 6.94559363e-04 3.64937067e-01 4.77693528e-02
  4.49625106e-04 3.95256966e-01 1.40630519e-02 7.39482930e-03
  9.16479985e-05 2.78689899e-04 3.87028151e-04 2.60061049e-03
  3.48213408e-03 5.48140844e-04 8.26162170e-04 7.23365520e-04
  1.64017663e-03 6.53333089e-04 8.92669661e-04 8.33624741e-04
  8.51357589e-04 5.52210317e-04 5.62503817e-04 5.39158646e-04
  5.85612957e-04 9.12757765e-04 7.14978611e-04 1.19269569e-03
  1.04128045e-03 9.02486558e-04 1.34691957e-03 1.45805290e-03
  1.75203942e-03 1.78974005e-03 1.91858690e-03 2.17065657e-03
  1.22816663e-03 1.93525606e-03 1.86627987e-03 1.12027326e-03
  6.82526326e-04 6.75566727e-04]
 [9.24645137e-05 4.69236518e-04 2.25959648e-03 1.42373145e-03
  1.09794491e-03 7.00386940e-04 1.88939087e-03 4.88477002e-04
  2.38445327e-02 5.54015255e-03 2.69981176e-02 5.42278051e-01
  1.52714888e-03 5.45971189e-03 3.53566527e-01 2.44761687e-02
  3.49305919e-04 1.72541069e-03 3.94654868e-04 4.17759351e-04
  7.23015575e-04 5.00924798e-05 3.77407086e-05 2.98502055e-05
  9.82093989e-05 2.11885344e-05 1.51165965e-04 2.11799488e-04
  1.10377478e-04 1.03158221e-04 8.72015953e-05 1.10976587e-04
  7.84276126e-05 1.12344074e-04 3.07009759e-05 4.59059607e-04
  2.66547460e-04 3.55545417e-05 1.66953920e-04 4.65125740e-05
  1.80838120e-04 2.97521532e-04 7.07808358e-04 3.56725679e-04
  2.15561508e-04 5.50303594e-05 7.32655390e-05 1.31654917e-04
  3.07612609e-05 2.12786053e-05]
 [1.07096559e-04 6.63639861e-04 2.29972042e-03 2.23992785e-04
  1.60354702e-03 6.91447873e-04 6.93239458e-03 2.63723452e-03
  4.30269213e-03 1.69184823e-02 1.23882322e-02 9.35273394e-02
  7.39934854e-03 4.55735028e-01 3.46769214e-01 3.70657928e-02
  2.10662489e-03 2.04658159e-03 5.22276270e-04 6.74661191e-04
  1.04964990e-03 7.08337684e-05 3.85862768e-05 5.46833944e-05
  1.18239324e-04 3.20378495e-05 1.34595641e-04 1.40580683e-04
  1.07975124e-04 7.20709286e-05 6.24372988e-05 5.62726418e-05
  4.38921452e-05 1.37454888e-04 5.49989236e-05 2.23261202e-04
  1.72034081e-04 7.69569597e-05 1.31327601e-04 6.00267012e-05
  2.72600388e-04 3.49965703e-04 8.96301994e-04 2.71171157e-04
  1.60213298e-04 8.63646928e-05 2.02921525e-04 1.99120084e-04
  6.71187663e-05 4.09304375e-05]
 [3.04692425e-03 2.77650310e-03 1.15638366e-02 2.97681801e-02
  1.42773110e-02 3.29260551e-03 3.22329849e-01 3.16899493e-02
  5.91775402e-02 3.05741024e-03 1.54640183e-01 1.10997237e-01
  1.20905511e-01 8.27471446e-03 5.60893565e-02 3.41639370e-02
  5.86218899e-03 8.42060987e-03 1.71541912e-03 3.46402242e-03
  2.23065540e-03 2.03207514e-04 1.40701566e-04 3.12975928e-04
  2.69758137e-04 8.62648594e-05 2.94855505e-04 2.19373935e-04
  2.29152734e-04 2.29703146e-04 1.85339552e-04 2.22985895e-04
  1.64306941e-04 4.38502058e-04 1.79659459e-04 5.26833232e-04
  3.57604818e-04 1.67432518e-04 2.33964049e-04 1.32341753e-04
  6.94333052e-04 1.18978322e-03 2.24290183e-03 9.92037007e-04
  4.03265178e-04 1.79440613e-04 7.63225718e-04 8.11357400e-04
  2.43990784e-04 1.40727614e-04]
 [1.71623752e-03 1.34565616e-02 6.44234184e-04 4.10142326e-04
  9.51050199e-04 2.85307542e-05 5.02723735e-03 3.46651487e-02
  1.60083326e-03 3.21098305e-02 5.45533895e-01 2.56893396e-01
  7.44786160e-03 5.14626794e-04 4.77548083e-03 5.62224363e-04
  1.03348447e-03 5.37735270e-03 3.68933147e-03 4.04572673e-03
  9.05928575e-03 2.42621521e-03 1.69986626e-03 1.88168534e-03
  1.63983088e-03 1.51111674e-03 3.55506036e-03 3.02413944e-03
  1.58690615e-03 1.30382122e-03 1.57014444e-03 1.62713334e-03
  1.58339890e-03 2.96799815e-03 2.28039897e-03 7.15347333e-03
  4.86401096e-03 3.32743372e-03 3.19976662e-03 1.68933731e-03
  1.36280956e-03 1.64016092e-03 4.26980713e-03 1.76542392e-03
  2.71086884e-03 1.60171452e-03 2.21172278e-03 1.62012363e-03
  2.26611760e-03 2.11705640e-03]
 [6.05645962e-03 1.21384980e-02 2.30862349e-02 7.66019011e-03
  2.05573291e-02 1.36724943e-02 1.17935158e-01 2.38024890e-02
  8.09640065e-02 1.00162579e-02 5.94966300e-02 9.54657272e-02
  2.93258220e-01 3.43678966e-02 9.36998725e-02 1.55298384e-02
  3.88968876e-03 1.16774999e-02 1.32011324e-02 1.15436204e-02
  4.90601733e-03 1.20974542e-03 1.36970403e-03 2.29502586e-03
  7.83986878e-04 8.13056598e-04 1.18069781e-03 1.06938195e-03
  9.05761146e-04 1.09214301e-03 8.80651816e-04 9.34458687e-04
  8.23040085e-04 7.69496604e-04 1.10884826e-03 1.59964035e-03
  2.07405165e-03 3.04379384e-03 2.05963105e-03 7.42598670e-04
  9.67916392e-04 2.22102157e-03 3.27162398e-03 2.23229313e-03
  1.95419346e-03 2.80569121e-03 3.03963828e-03 1.19217718e-03
  2.31443602e-03 2.32001371e-03]
 [1.07805349e-03 2.29053926e-02 1.25010744e-01 4.50997788e-04
  1.74349942e-03 4.92440246e-04 1.29535059e-02 1.26831466e-02
  2.46952660e-02 8.02839361e-03 1.88594051e-02 1.11054040e-01
  6.42933965e-01 8.34371895e-03 1.54299126e-03 6.51227077e-03
  1.37547991e-04 9.88175234e-05 1.86274392e-05 1.95797838e-05
  7.67251695e-05 2.23543757e-05 6.94266510e-06 1.57366703e-05
  2.38514567e-05 1.87270070e-05 1.31028410e-05 7.42816155e-06
  5.43804344e-06 9.75659441e-06 3.94178414e-06 7.39137386e-06
  3.39145481e-06 8.14560644e-06 1.00824236e-05 7.87441149e-06
  6.29081842e-06 1.50619608e-05 1.03905959e-05 2.23848292e-06
  1.20279838e-05 2.09142927e-05 1.92679199e-05 1.21028315e-05
  6.56025804e-06 7.47823697e-06 2.16157514e-05 2.41415182e-05
  1.66312257e-05 2.20062720e-05]
 [1.28249858e-05 1.24697573e-04 1.16128975e-03 4.26560437e-05
  8.20051810e-06 5.58670263e-06 1.64300465e-04 1.56976857e-05
  4.68690087e-05 7.01114582e-03 2.13198992e-03 2.72707501e-03
  9.84651446e-01 3.40135011e-04 1.01603491e-05 1.30128826e-03
  3.90707319e-05 6.61447939e-06 2.95289624e-06 6.28894713e-06
  3.28433157e-06 2.64884534e-06 1.39375379e-06 5.40548444e-06
  5.08842413e-06 6.45537330e-06 6.37508720e-06 2.70372584e-06
  3.05548542e-06 2.89364539e-06 1.85025226e-06 2.31945296e-06
  1.71219938e-06 2.15380419e-06 4.90941056e-06 6.57683358e-06
  3.58410625e-06 8.37953303e-06 7.54369285e-06 2.16371291e-06
  5.07678169e-06 1.39393924e-05 1.29307391e-05 4.85239070e-06
  3.80969072e-06 4.94688766e-06 1.92053267e-05 1.25016986e-05
  1.35799019e-05 1.84190812e-05]
 [2.02006731e-06 1.91307699e-05 2.21829396e-05 1.02734487e-06
  3.32886287e-07 1.24314369e-07 1.46959530e-06 1.36803209e-07
  6.35416370e-07 3.93724709e-04 6.64874795e-04 3.87067208e-04
  9.98013973e-01 9.95829032e-05 9.67833103e-07 3.73201095e-04
  5.13205396e-06 3.23057321e-07 9.71976561e-08 2.63265122e-07
  1.04174887e-07 1.33697512e-07 7.73736915e-08 3.12211114e-07
  2.55513811e-07 8.12207020e-07 4.90256014e-07 2.32371690e-07
  2.29948711e-07 1.56245051e-07 9.59636210e-08 1.20907686e-07
  8.93391530e-08 1.04734724e-07 5.13857458e-07 5.71507542e-07
  3.03982517e-07 8.99702798e-07 7.27168128e-07 1.85040918e-07
  4.02306767e-07 7.77158277e-07 6.23249321e-07 2.35129207e-07
  2.21733131e-07 3.11270753e-07 1.12629971e-06 4.86807437e-07
  8.56233498e-07 2.07284711e-06]
 [1.16546624e-04 3.85525840e-04 5.97115199e-04 4.14321985e-05
  3.80541837e-06 4.05963374e-06 6.34040553e-05 2.70587293e-06
  9.92508285e-06 6.51422050e-03 4.86979820e-03 2.16543558e-03
  9.84206796e-01 4.16605035e-04 1.50324768e-05 4.85018623e-04
  1.88256618e-05 1.63566824e-06 7.10982079e-07 1.78317941e-06
  9.57353336e-07 7.92066260e-07 5.81045299e-07 1.89301807e-06
  1.27653982e-06 3.75941318e-06 2.82551014e-06 1.26593807e-06
  1.14764578e-06 7.47042350e-07 5.22631865e-07 6.49104834e-07
  5.31164972e-07 5.76920115e-07 2.56825342e-06 4.46495005e-06
  2.24888481e-06 5.89832189e-06 5.42763610e-06 1.28401336e-06
  2.54684096e-06 5.44575187e-06 3.87619821e-06 1.56148008e-06
  1.39456790e-06 2.01399280e-06 6.21415757e-06 2.83056147e-06
  4.56499129e-06 9.78022308e-06]
 [1.01188885e-03 1.44286791e-03 1.97138800e-03 1.37200012e-04
  1.93050546e-05 2.01427138e-05 3.27754562e-04 1.31926399e-05
  3.34299293e-05 2.30560191e-02 1.47264702e-02 3.94892553e-03
  9.51818109e-01 9.54227871e-04 4.67531972e-05 2.80903361e-04
  3.87018445e-05 4.50023708e-06 2.34218760e-06 4.20695733e-06
  3.22797700e-06 2.52885707e-06 2.10519534e-06 4.59572357e-06
  2.87926741e-06 6.98363692e-06 6.36464438e-06 2.88794354e-06
  2.30084743e-06 1.54729003e-06 1.15396460e-06 1.47524793e-06
  1.24958729e-06 1.24721566e-06 4.59924422e-06 8.69892210e-06
  4.36524124e-06 1.04442543e-05 1.00602074e-05 2.13417502e-06
  3.49516176e-06 7.90469494e-06 5.77484934e-06 2.71030058e-06
  2.37943686e-06 3.54893677e-06 8.14448686e-06 4.62587923e-06
  7.53899394e-06 1.47247410e-05]
 [1.98009163e-02 7.24192057e-03 1.13366991e-02 7.64781784e-04
  2.56848871e-04 1.56504771e-04 2.59965425e-03 1.67288788e-04
  1.06978070e-04 5.94160855e-02 8.29873458e-02 1.00700576e-02
  7.94775307e-01 7.32397847e-03 1.86794539e-04 5.43535221e-04
  2.17774534e-04 3.47778296e-05 2.27108339e-05 3.43432293e-05
  5.72389581e-05 4.76087880e-05 4.99912239e-05 6.50476213e-05
  4.51341111e-05 9.43799096e-05 9.00682498e-05 4.57584720e-05
  3.45437948e-05 2.26205666e-05 1.78752216e-05 2.30490605e-05
  2.00647319e-05 1.93726210e-05 6.15310782e-05 1.20735618e-04
  6.32458832e-05 1.38619202e-04 1.56515816e-04 3.16344813e-05
  4.37294620e-05 9.25602581e-05 6.73579707e-05 3.76322496e-05
  3.71686401e-05 5.61724009e-05 7.84523145e-05 6.16393809e-05
  9.47195804e-05 1.81241136e-04]
 [3.81572008e-01 1.62523650e-02 3.06980871e-02 2.68838881e-03
  2.03888025e-03 4.06468200e-04 7.76545750e-03 7.98889494e-04
  1.03241298e-04 6.39495552e-02 1.70235232e-01 1.42251132e-02
  2.57419556e-01 2.53878161e-02 3.84618063e-04 1.01169106e-03
  8.06196360e-04 2.08185826e-04 1.50574429e-04 1.86124336e-04
  5.75286453e-04 5.13452163e-04 6.41090912e-04 5.26962918e-04
  4.97716072e-04 9.48416593e-04 9.86797269e-04 5.79231768e-04
  4.47080267e-04 2.73893995e-04 2.24175266e-04 2.96073093e-04
  2.59871071e-04 2.58032262e-04 7.42144592e-04 1.57458952e-03
  8.29899509e-04 1.67013274e-03 2.21266248e-03 4.27403138e-04
  5.04525902e-04 1.01113296e-03 7.35057401e-04 4.96305292e-04
  5.68588846e-04 8.56621191e-04 6.96917705e-04 7.91316736e-04
  1.11355714e-03 2.45265570e-03]
 [9.06147301e-01 4.65321448e-03 7.05723045e-03 9.62138001e-04
  9.95067530e-04 7.95893866e-05 2.99432105e-03 3.20479216e-04
  9.17961916e-06 9.87447705e-03 3.29224616e-02 1.98680535e-03
  1.72175672e-02 6.03025220e-03 8.07120814e-05 1.17739961e-04
  1.39442142e-04 4.29983156e-05 3.18351595e-05 3.38920981e-05
  1.68999904e-04 1.50020627e-04 2.35317304e-04 1.05859152e-04
  1.55506001e-04 2.56366504e-04 2.80328357e-04 1.96391004e-04
  1.59301853e-04 8.79960644e-05 7.36138318e-05 1.00010118e-04
  8.70479635e-05 9.81975172e-05 2.51047575e-04 5.68692572e-04
  2.94715486e-04 5.34216582e-04 8.57341394e-04 1.64576981e-04
  1.70523024e-04 3.26330162e-04 2.36202235e-04 1.97105313e-04
  2.69445969e-04 4.05287516e-04 1.64800935e-04 3.08556366e-04
  3.75285046e-04 1.02415844e-03]
 [9.77694273e-01 1.53631752e-03 1.92386971e-03 3.63636471e-04
  3.48575821e-04 2.45137635e-05 1.44833687e-03 9.31322138e-05
  1.74165200e-06 3.08698439e-03 7.58311851e-03 3.77044169e-04
  3.08626471e-03 9.12186282e-04 1.64477369e-05 1.12640291e-05
  1.55816306e-05 4.87915486e-06 3.81388577e-06 3.89172692e-06
  2.98224804e-05 2.47170083e-05 4.94663909e-05 1.21149569e-05
  2.78081588e-05 3.90867135e-05 3.90812347e-05 3.39410617e-05
  2.84542311e-05 1.40899238e-05 1.18547141e-05 1.64568992e-05
  1.40774728e-05 1.92316802e-05 4.42154233e-05 9.50454705e-05
  5.10946738e-05 8.45632458e-05 1.63755903e-04 3.33044882e-05
  3.05556823e-05 4.85242017e-05 3.54787626e-05 3.59210499e-05
  5.92098986e-05 8.88516151e-05 1.86033994e-05 5.77259416e-05
  6.02119981e-05 1.96691763e-04]
 [9.88456964e-01 9.85114602e-04 1.01045053e-03 2.11754246e-04
  2.09929698e-04 1.60323907e-05 1.00823212e-03 4.48574319e-05
  9.32364401e-07 1.92091695e-03 3.64350807e-03 1.83206124e-04
  1.31754845e-03 2.77276151e-04 7.87043064e-06 3.09281972e-06
  4.63067227e-06 1.48788354e-06 1.25128292e-06 1.26970122e-06
  1.47113633e-05 1.19679671e-05 2.72001962e-05 4.74965827e-06
  1.29538539e-05 1.68874230e-05 1.58542080e-05 1.61855569e-05
  1.37379702e-05 6.28986936e-06 5.32097829e-06 7.37592973e-06
  6.25068378e-06 9.81314224e-06 2.14116644e-05 4.17833435e-05
  2.40725185e-05 3.79541125e-05 8.31171055e-05 1.78493701e-05
  1.50255864e-05 1.89059647e-05 1.46709981e-05 1.63639979e-05
  3.12347656e-05 4.63250326e-05 6.72033275e-06 2.77832387e-05
  2.66520001e-05 9.44456697e-05]
 [9.92434919e-01 8.05705437e-04 7.12861016e-04 1.45301296e-04
  1.35905764e-04 1.24495054e-05 8.16424319e-04 2.90161424e-05
  6.22551909e-07 1.30117440e-03 2.03758758e-03 1.11296562e-04
  7.71824794e-04 1.42196470e-04 4.72104284e-06 1.61223613e-06
  2.57260172e-06 8.40572909e-07 7.38889810e-07 7.33105423e-07
  1.12664502e-05 9.26385292e-06 2.19184149e-05 3.37036886e-06
  9.46815817e-06 1.20380510e-05 1.09982238e-05 1.25082834e-05
  1.08404001e-05 4.58317618e-06 3.90601008e-06 5.28834562e-06
  4.47516322e-06 7.80914161e-06 1.69354462e-05 3.01935743e-05
  1.84983182e-05 2.87166840e-05 6.72782917e-05 1.50100122e-05
  1.20061659e-05 1.22123674e-05 1.04183418e-05 1.16121637e-05
  2.49937821e-05 3.62710816e-05 4.58742261e-06 2.16142325e-05
  1.99752412e-05 7.34096175e-05]
 [9.94072855e-01 7.19950767e-04 5.89416130e-04 1.15076604e-04
  1.02192760e-04 1.06731504e-05 7.31646956e-04 2.28994595e-05
  4.84903126e-07 1.00097503e-03 1.37941085e-03 8.18013141e-05
  5.75409387e-04 9.92259811e-05 3.36405924e-06 1.18463504e-06
  1.97957365e-06 6.46362082e-07 5.79208461e-07 5.66783740e-07
  1.01193500e-05 8.47872434e-06 1.99897077e-05 2.99033331e-06
  8.31003854e-06 1.04797873e-05 9.36687866e-06 1.16297206e-05
  1.02869453e-05 4.08771803e-06 3.46152069e-06 4.58411296e-06
  3.85905378e-06 7.35567528e-06 1.61782664e-05 2.65487924e-05
  1.72854197e-05 2.66218121e-05 6.47309644e-05 1.49848411e-05
  1.15364101e-05 1.00218131e-05 9.14101565e-06 9.94143284e-06
  2.31472804e-05 3.28979186e-05 4.03239983e-06 2.02350639e-05
  1.83760494e-05 6.88644941e-05]
 [9.94816482e-01 6.70326001e-04 5.29757468e-04 1.00393634e-04
  8.76189297e-05 9.76480987e-06 6.94397371e-04 2.02748379e-05
  4.21043751e-07 8.49929056e-04 1.08915067e-03 6.82710815e-05
  4.88559133e-04 8.11333884e-05 2.71916679e-06 1.01302282e-06
  1.76776462e-06 5.73504224e-07 5.18301249e-07 5.04639900e-07
  9.74081377e-06 8.34235652e-06 1.92554926e-05 2.90740536e-06
  7.90156446e-06 9.96898507e-06 8.69531050e-06 1.16944611e-05
  1.04999663e-05 3.99891042e-06 3.33359526e-06 4.34249841e-06
  3.62344213e-06 7.43959390e-06 1.66872542e-05 2.52943883e-05
  1.75388341e-05 2.68062358e-05 6.65657353e-05 1.60297132e-05
  1.19370952e-05 9.19403374e-06 8.70644726e-06 9.27134170e-06
  2.27081491e-05 3.16990845e-05 3.91089043e-06 2.03389027e-05
  1.83275042e-05 6.94563278e-05]]
44520173-Q7203797	[[2.56024767e-04 8.12259896e-05 3.39020859e-04 4.43524569e-02
  4.23516154e-01 1.16938888e-03 9.11975629e-04 3.32875289e-02
  8.69921525e-04 2.58965767e-03 2.28354916e-01 1.57455981e-01
  4.06969397e-04 5.90011030e-02 3.50505002e-02 1.02631953e-02
  1.23882492e-04 8.06354001e-05 4.26615152e-05 3.95339448e-05
  5.36533698e-05 5.58112806e-05 3.49773363e-05 6.55538097e-05
  3.83084043e-05 5.75688609e-05 2.99317726e-05 3.81671016e-05
  3.32467243e-05 4.73260916e-05 3.73985895e-05 5.10613863e-05
  3.97127224e-05 4.18938216e-05 8.30714416e-05 4.61129239e-05
  6.02730979e-05 9.37371224e-05 5.25617615e-05 2.02478463e-04
  1.60756783e-04 8.03599614e-05 3.79393423e-05 5.18960696e-05
  2.58007567e-05 3.18369930e-05 6.83919061e-05 4.61753662e-05
  7.62711497e-05 6.50133370e-05]
 [2.34170409e-04 3.19926701e-02 9.43060592e-03 4.25069220e-02
  1.35417238e-01 2.18019309e-03 2.73937643e-01 1.37605861e-01
  5.11690266e-02 7.04885926e-03 1.95271939e-01 3.09722517e-02
  8.01839773e-03 6.93641463e-03 3.16984137e-03 2.35362514e-03
  1.71714334e-03 1.37142465e-03 9.64825624e-04 3.01620504e-03
  6.39475463e-03 1.87262741e-03 1.78365665e-03 2.13760231e-03
  1.85681903e-03 9.86413332e-04 1.49864343e-03 1.03054347e-03
  7.36515853e-04 9.46287939e-04 1.05180254e-03 1.40186574e-03
  1.39174063e-03 2.50793225e-03 1.31373433e-03 1.56501413e-03
  1.21498876e-03 1.01642474e-03 9.29280708e-04 2.24224525e-03
  3.15816537e-03 2.17496091e-03 1.90185406e-03 3.18570924e-03
  1.48212700e-03 1.47284335e-03 2.33626505e-03 2.61542969e-03
  1.46510126e-03 1.01337500e-03]
 [1.69161137e-06 4.38121933e-05 6.87626470e-03 8.14743165e-04
  4.46523307e-04 7.93756742e-04 3.12435237e-04 2.46974151e-03
  3.20141856e-03 1.27732456e-02 2.59534246e-03 1.12882741e-01
  1.71160940e-02 1.95565224e-01 3.84428978e-01 1.51689395e-01
  1.89533252e-02 1.08600128e-02 3.83190322e-03 5.47241559e-03
  3.25799384e-03 9.81992576e-04 4.75745153e-04 2.00427370e-03
  9.91702080e-04 1.09221460e-03 3.92556004e-03 3.39101604e-03
  1.86738698e-03 1.85461110e-03 2.22832593e-03 2.24941270e-03
  2.08708318e-03 2.37413985e-03 1.46028877e-03 3.33700934e-03
  3.36283701e-03 1.43808161e-03 1.62998831e-03 1.56484696e-03
  5.41601237e-03 2.58545927e-03 4.77270223e-03 2.62991502e-03
  1.94375205e-03 9.38569254e-04 4.79781069e-03 2.35839421e-03
  1.29409158e-03 5.59718581e-04]
 [2.78387097e-06 3.15940015e-05 5.36292931e-03 9.17317532e-03
  6.47371355e-03 2.13008095e-03 3.84285785e-02 2.73256609e-03
  2.58233231e-02 4.58168387e-02 8.08737427e-03 6.16650134e-02
  8.86716098e-02 7.54455850e-02 5.98285437e-01 2.12753266e-02
  1.30358944e-03 1.95710082e-03 1.00388774e-03 1.79259200e-03
  1.69567938e-04 4.67834798e-05 3.65741980e-05 1.32261805e-04
  5.59011496e-05 3.99622550e-05 1.23127407e-04 1.16848045e-04
  9.86374725e-05 1.50985361e-04 1.35169175e-04 1.67426435e-04
  1.45953833e-04 1.39295618e-04 9.74698123e-05 1.84632459e-04
  1.93483938e-04 1.32777321e-04 8.59881038e-05 5.12914194e-05
  2.38174121e-04 3.14296049e-04 3.87895270e-04 3.54524265e-04
  1.53943780e-04 1.02707105e-04 3.42091051e-04 1.58927141e-04
  1.09890811e-04 7.03586338e-05]
 [9.75754766e-09 3.56552082e-05 4.24173486e-05 1.57582217e-05
  3.60495360e-05 3.36159178e-06 7.09743399e-05 1.13089198e-04
  3.71449714e-04 7.44366786e-04 1.20065808e-02 8.21194947e-01
  9.86545347e-03 2.15745415e-03 5.22138290e-02 9.03019384e-02
  4.96550789e-03 2.84970598e-03 4.44152858e-04 5.88595576e-04
  4.00101446e-04 4.03842678e-05 1.81634787e-05 1.47476076e-05
  1.38671487e-04 2.18326441e-05 4.39979158e-05 4.91817154e-05
  2.11528113e-05 4.38672432e-05 2.30285495e-05 3.90223213e-05
  2.09148693e-05 5.48721328e-05 1.52576094e-05 6.05184323e-05
  4.30366999e-05 1.20898194e-05 4.89447666e-05 1.81057676e-05
  6.09114686e-05 2.76229694e-04 1.71942214e-04 1.22822748e-04
  4.17217525e-05 2.50567809e-05 2.48220567e-05 8.61536828e-05
  2.29453999e-05 1.81500436e-05]
 [3.14639959e-09 1.20273835e-04 3.58083751e-04 2.73623591e-04
  1.12462301e-04 2.38048287e-05 2.35796571e-02 1.11369496e-04
  1.66892773e-04 2.12910572e-06 8.28388220e-05 5.62224956e-03
  1.80175717e-04 2.88306968e-03 7.92152405e-01 8.71826429e-03
  1.24528915e-01 1.89118274e-02 1.73561473e-03 7.17232761e-04
  5.37290098e-03 5.50183177e-04 1.82555654e-04 4.45395184e-04
  9.72101581e-04 3.76071606e-04 6.34889002e-04 9.37096134e-04
  5.41509537e-04 3.42340994e-04 2.08751706e-04 1.41315162e-04
  8.94714394e-05 5.86143578e-04 3.10801028e-04 2.68720993e-04
  4.04380640e-04 2.84048525e-04 6.24170352e-04 4.72387997e-04
  5.56119950e-04 9.42739658e-04 2.04006722e-03 3.85800522e-04
  3.14727775e-04 2.36847351e-04 5.26277465e-04 5.26700984e-04
  2.90313095e-04 1.54202280e-04]
 [7.85893484e-09 4.57629721e-05 2.76956023e-08 1.02562858e-07
  1.20236654e-09 1.15565314e-07 6.48094201e-09 1.15242187e-07
  1.10167591e-08 3.38460993e-08 1.17828392e-06 3.87986447e-03
  2.96324415e-05 6.35020285e-07 3.65501016e-01 1.16523104e-02
  4.79412198e-01 5.20395786e-02 4.71944688e-03 1.33067020e-03
  3.34356329e-03 2.24428251e-03 1.34429918e-03 1.62256055e-03
  1.70718203e-03 1.26724539e-03 9.36962478e-03 6.51100418e-03
  2.18315865e-03 1.88003795e-03 2.16039573e-03 1.48098147e-03
  1.34954322e-03 1.81874377e-03 8.29554687e-04 1.00582540e-02
  4.29138402e-03 1.21205649e-03 6.71166927e-03 2.02197838e-03
  8.39256798e-04 3.17476899e-03 7.27333780e-03 7.56013207e-04
  1.18713197e-03 4.38619754e-04 8.05621967e-04 1.37366331e-03
  1.42771925e-03 7.03585567e-04]
 [1.23473978e-08 2.04555408e-06 2.18279936e-08 1.34701779e-07
  3.74380953e-08 8.31250236e-06 1.70730701e-07 3.62444126e-07
  2.12908631e-07 7.12209885e-06 8.46478201e-07 1.55796285e-03
  2.59052104e-05 7.40086534e-07 6.35386109e-01 5.40217152e-04
  8.98975134e-02 7.50008747e-02 3.35619524e-02 1.11309299e-02
  4.44116164e-03 3.65908002e-03 3.51937278e-03 2.75593647e-03
  1.87579158e-03 1.17288821e-03 1.21345436e-02 1.13216667e-02
  6.15441008e-03 6.21394347e-03 7.06835371e-03 4.44493024e-03
  4.76042833e-03 4.18712804e-03 1.69102754e-03 1.59646645e-02
  1.07145449e-02 2.38186191e-03 8.98160506e-03 1.90768111e-03
  1.46540778e-03 7.60338269e-03 1.08011449e-02 3.63710639e-03
  4.15060902e-03 1.72828196e-03 1.68552028e-03 2.67128670e-03
  2.57823011e-03 1.20655133e-03]
 [8.70306582e-09 2.84229573e-05 2.95240223e-08 3.45789744e-07
  4.26698591e-07 3.77354008e-05 2.03777267e-06 1.31480137e-05
  6.97674295e-07 3.16749407e-07 6.85855127e-07 3.23097367e-04
  5.31134083e-06 1.93401732e-07 1.96403578e-01 1.72493765e-05
  6.63017333e-02 1.32981658e-01 1.27804920e-01 2.01272946e-02
  4.47368948e-03 9.55300406e-03 1.34680551e-02 7.84367416e-03
  2.03614403e-03 4.12691198e-03 4.84338813e-02 5.11944443e-02
  2.95042992e-02 2.16875002e-02 3.07333842e-02 1.46587472e-02
  2.03238055e-02 7.67035084e-03 5.26201492e-03 3.86216715e-02
  3.59842554e-02 1.06557440e-02 2.33398434e-02 9.51738097e-03
  5.03680715e-03 7.53279263e-03 8.74336064e-03 7.32158823e-03
  1.30275441e-02 4.04064590e-03 2.55295308e-03 5.27682481e-03
  8.09727143e-03 5.23251062e-03]
 [1.25171684e-09 2.36085953e-06 2.05215689e-09 3.49528868e-08
  4.06337328e-08 1.66707252e-06 5.09807556e-08 1.19465813e-06
  3.66403214e-07 7.50564766e-09 3.27152634e-08 9.22846448e-06
  3.50001521e-08 4.46915038e-09 9.56845656e-03 2.18471087e-06
  1.39146280e-02 1.01731472e-01 1.52373999e-01 2.97174789e-02
  5.93947340e-03 9.32541676e-03 2.70874556e-02 7.75946490e-03
  2.93860002e-03 4.04414115e-03 6.45848960e-02 6.76080734e-02
  4.60680872e-02 3.36980261e-02 5.22235446e-02 2.47947443e-02
  3.71826142e-02 1.09815206e-02 6.94190152e-03 6.09881170e-02
  5.19132912e-02 1.47714326e-02 5.83402999e-02 1.77300461e-02
  7.19562359e-03 8.38555023e-03 9.81738977e-03 1.09076435e-02
  1.76483300e-02 1.04293404e-02 2.75666546e-03 5.37989847e-03
  8.74112360e-03 6.49413001e-03]
 [7.69070763e-09 3.20830236e-06 5.71906478e-09 1.12305017e-07
  1.07805924e-07 4.17049159e-06 1.50866583e-07 8.68257302e-06
  8.69677251e-07 4.63368188e-08 1.03503652e-07 2.05714259e-05
  4.44471304e-08 1.03291011e-08 1.26802716e-02 2.97968586e-06
  1.07593434e-02 9.70201194e-02 1.58681035e-01 3.11002657e-02
  6.42393762e-03 8.97800457e-03 3.21161821e-02 7.15322467e-03
  3.45370546e-03 4.25654324e-03 6.46808818e-02 6.46499842e-02
  4.40114252e-02 3.31201144e-02 5.25851324e-02 2.44586729e-02
  3.74914780e-02 1.09358784e-02 7.01789698e-03 5.82379773e-02
  4.78298813e-02 1.45628685e-02 6.84234947e-02 1.78982895e-02
  6.78912783e-03 7.54248956e-03 8.31979513e-03 9.78946034e-03
  1.49807734e-02 1.23011097e-02 2.56624189e-03 4.49557183e-03
  8.27629771e-03 6.37147296e-03]
 [9.71249303e-09 2.10867597e-06 5.83962034e-09 1.76314956e-07
  7.88169885e-08 2.00810405e-06 1.87651210e-07 5.95706661e-06
  6.73751572e-07 3.87617050e-08 8.03272187e-08 1.23470609e-05
  4.41824817e-08 8.98935681e-09 1.01490431e-02 1.96595010e-06
  7.36408914e-03 8.41988474e-02 1.53039828e-01 3.31304371e-02
  6.53251773e-03 8.25695414e-03 3.48664336e-02 6.54507661e-03
  3.57840979e-03 3.91980354e-03 6.34841770e-02 6.15493394e-02
  4.43637483e-02 3.15273888e-02 5.10223471e-02 2.41582301e-02
  3.76192965e-02 1.10186366e-02 7.26980390e-03 6.35123327e-02
  4.80702221e-02 1.52624222e-02 8.08922723e-02 1.94944981e-02
  7.00729853e-03 8.15714709e-03 8.92408658e-03 1.06929485e-02
  1.58938393e-02 1.50999809e-02 2.59658089e-03 4.70721535e-03
  8.69171415e-03 7.37739913e-03]
 [1.45511478e-08 2.06551590e-06 6.65332767e-09 2.40713774e-07
  9.86911743e-08 2.61288505e-06 2.25825815e-07 9.51993934e-06
  8.07506524e-07 9.19497793e-08 9.98877709e-08 1.42456993e-05
  5.55972406e-08 1.15582068e-08 8.49176478e-03 2.46291165e-06
  6.72785146e-03 8.17303807e-02 1.48111656e-01 3.29826549e-02
  6.60585752e-03 8.25431477e-03 3.40074450e-02 6.31938456e-03
  3.74604017e-03 4.19847760e-03 6.43168017e-02 6.09880127e-02
  4.39850725e-02 3.19971964e-02 5.13930134e-02 2.50002798e-02
  3.81499305e-02 1.10029550e-02 7.64163351e-03 6.52160347e-02
  4.79358695e-02 1.59043949e-02 8.55162367e-02 2.00898219e-02
  7.14596966e-03 8.25557299e-03 8.70406721e-03 1.05671091e-02
  1.53281512e-02 1.54739991e-02 2.61488813e-03 4.63537546e-03
  8.97879619e-03 7.95050245e-03]
 [2.47293919e-08 2.70903638e-06 1.04198117e-08 3.69297283e-07
  9.32766753e-08 2.51188499e-06 3.47907360e-07 8.73535828e-06
  1.03189063e-06 1.35856482e-07 9.64413829e-08 1.51915292e-05
  9.20534404e-08 1.20427339e-08 9.67834517e-03 2.06838286e-06
  5.60857309e-03 7.41848275e-02 1.46630690e-01 3.43714021e-02
  6.54617697e-03 7.87273981e-03 3.43942232e-02 6.21508434e-03
  3.73909995e-03 4.09150077e-03 6.44148588e-02 5.99839613e-02
  4.44117412e-02 3.15617360e-02 5.14598452e-02 2.50956975e-02
  3.87426354e-02 1.10043986e-02 7.84117542e-03 6.74731731e-02
  4.80488501e-02 1.63364690e-02 8.90707970e-02 2.04688013e-02
  7.14958319e-03 8.21055286e-03 8.61762650e-03 1.05480300e-02
  1.51998848e-02 1.62092131e-02 2.63611740e-03 4.67489846e-03
  9.09165572e-03 8.38220213e-03]
 [2.07987956e-08 2.45817569e-06 8.85652440e-09 3.63838325e-07
  1.17062363e-07 2.60088359e-06 2.94103131e-07 1.19016222e-05
  9.62047238e-07 1.73666692e-07 1.15559608e-07 1.46634475e-05
  7.11901293e-08 1.36612464e-08 7.56355608e-03 2.65808899e-06
  5.18935872e-03 7.29686469e-02 1.43662348e-01 3.36300246e-02
  6.38719462e-03 7.82701932e-03 3.22823301e-02 6.22456707e-03
  3.69719905e-03 4.29921504e-03 6.46233335e-02 5.98125458e-02
  4.37929854e-02 3.26771028e-02 5.30888550e-02 2.64648180e-02
  4.02821638e-02 1.11027462e-02 8.20208620e-03 6.77189901e-02
  4.85494547e-02 1.70507506e-02 8.98441672e-02 2.09859498e-02
  7.40227941e-03 8.29963200e-03 8.46389309e-03 1.04804030e-02
  1.49257537e-02 1.63594820e-02 2.80960440e-03 4.76468727e-03
  9.63924918e-03 8.89120158e-03]
 [3.87980634e-08 3.85473504e-06 1.50228345e-08 5.42462089e-07
  1.00088400e-07 2.76074911e-06 4.79644200e-07 1.06535726e-05
  1.28304248e-06 2.61408502e-07 1.06103379e-07 1.79293056e-05
  1.34633197e-07 1.29852440e-08 9.03796218e-03 2.25288795e-06
  4.62618796e-03 6.81323633e-02 1.45804688e-01 3.53365615e-02
  6.58592349e-03 7.81311933e-03 3.33255827e-02 6.20809989e-03
  3.79624381e-03 4.17954382e-03 6.38920963e-02 5.84763400e-02
  4.43623625e-02 3.20415050e-02 5.27425893e-02 2.64461059e-02
  4.06600311e-02 1.11347632e-02 8.28939583e-03 6.91062957e-02
  4.81047146e-02 1.70053355e-02 9.09881592e-02 2.07380001e-02
  7.28663383e-03 8.10994208e-03 8.32478795e-03 1.03154425e-02
  1.46650039e-02 1.66221522e-02 2.77562533e-03 4.73829824e-03
  9.37811844e-03 8.90956819e-03]
 [2.96925542e-08 2.85542092e-06 1.04795994e-08 4.72956174e-07
  1.26438792e-07 2.60013553e-06 3.52279244e-07 1.43359366e-05
  1.05919423e-06 2.78873102e-07 1.30323187e-07 1.53188339e-05
  8.57837392e-08 1.55485509e-08 6.85496768e-03 2.94878510e-06
  4.41065524e-03 6.94387257e-02 1.45018816e-01 3.48921530e-02
  6.41347934e-03 7.78761180e-03 3.12000830e-02 6.23920700e-03
  3.70558375e-03 4.33080643e-03 6.36536926e-02 5.80010265e-02
  4.35899943e-02 3.30693014e-02 5.40812574e-02 2.77011730e-02
  4.19196896e-02 1.11595010e-02 8.53939075e-03 6.86680451e-02
  4.82616425e-02 1.75128803e-02 9.00068879e-02 2.11136099e-02
  7.48349726e-03 8.19666963e-03 8.20846669e-03 1.02929110e-02
  1.44994128e-02 1.66824833e-02 2.95381108e-03 4.84714238e-03
  9.88715142e-03 9.33766831e-03]
 [5.37905045e-08 4.28886005e-06 1.80067907e-08 6.94440189e-07
  9.88552458e-08 2.62662525e-06 5.59903015e-07 1.16042320e-05
  1.33083336e-06 3.80594429e-07 1.10390850e-07 1.82404619e-05
  1.64746254e-07 1.38931684e-08 8.07613693e-03 2.38172061e-06
  3.98523826e-03 6.46391138e-02 1.46051928e-01 3.65791023e-02
  6.59090653e-03 7.73722120e-03 3.22528444e-02 6.19406998e-03
  3.81644350e-03 4.19506198e-03 6.30024970e-02 5.68611026e-02
  4.43499908e-02 3.24464701e-02 5.37192039e-02 2.76887715e-02
  4.23335917e-02 1.12263011e-02 8.60586669e-03 7.04152584e-02
  4.80246209e-02 1.74263231e-02 9.12129730e-02 2.09559482e-02
  7.39156688e-03 8.04844219e-03 8.13500490e-03 1.02122510e-02
  1.43413665e-02 1.69139653e-02 2.89213029e-03 4.81942669e-03
  9.53839719e-03 9.27793048e-03]
 [3.91013621e-08 2.93663652e-06 1.16394672e-08 5.71153919e-07
  1.30971230e-07 2.52322116e-06 3.86993918e-07 1.61104581e-05
  1.07974938e-06 3.84845976e-07 1.40731956e-07 1.51536988e-05
  9.73943628e-08 1.74241350e-08 6.04280550e-03 3.24479674e-06
  3.92337469e-03 6.73556924e-02 1.45279914e-01 3.58922854e-02
  6.38475176e-03 7.74029596e-03 2.99175680e-02 6.22638641e-03
  3.71020776e-03 4.37904941e-03 6.28136098e-02 5.64399436e-02
  4.35037427e-02 3.35711762e-02 5.49628437e-02 2.89340094e-02
  4.33784612e-02 1.12152956e-02 8.84862337e-03 6.95683286e-02
  4.80960608e-02 1.79521758e-02 8.95227939e-02 2.14311182e-02
  7.61214038e-03 8.15970264e-03 8.03430472e-03 1.02122910e-02
  1.41937034e-02 1.68056022e-02 3.07396264e-03 4.93116211e-03
  1.00992508e-02 9.74457059e-03]
 [7.23411020e-08 4.48097126e-06 2.07095532e-08 8.50917615e-07
  9.90261597e-08 2.49559207e-06 6.20880371e-07 1.23296950e-05
  1.34902120e-06 5.00984868e-07 1.15844315e-07 1.81148043e-05
  1.93714868e-07 1.51647335e-08 7.31185684e-03 2.53554936e-06
  3.53901996e-03 6.22178838e-02 1.45384520e-01 3.75326909e-02
  6.54148590e-03 7.65514513e-03 3.10671516e-02 6.16141781e-03
  3.82707827e-03 4.21687216e-03 6.21378310e-02 5.55050671e-02
  4.44159135e-02 3.29045504e-02 5.45639284e-02 2.88747661e-02
  4.38195206e-02 1.13182180e-02 8.90032854e-03 7.15609416e-02
  4.80476841e-02 1.78372692e-02 9.09446999e-02 2.13691704e-02
  7.54477270e-03 8.04677885e-03 8.01713951e-03 1.02062039e-02
  1.41414125e-02 1.70905627e-02 2.99748220e-03 4.91084717e-03
  9.70374141e-03 9.64231882e-03]]
44520173-Q7203799	[[2.18990463e-04 1.20582910e-04 1.09652244e-03 3.92718948e-02
  4.32513773e-01 1.09769206e-03 6.72575377e-04 2.81679016e-02
  7.35119102e-04 1.72383618e-03 2.24348605e-01 1.58336163e-01
  3.69793590e-04 5.93015030e-02 3.91313955e-02 1.07122110e-02
  1.33661888e-04 8.26010582e-05 4.32142187e-05 4.05204300e-05
  5.50456898e-05 5.78072213e-05 3.64431944e-05 6.82301252e-05
  3.97140357e-05 5.97901198e-05 3.12966222e-05 3.95585994e-05
  3.45139233e-05 4.95538116e-05 3.92632210e-05 5.36689658e-05
  4.17131305e-05 4.34153517e-05 8.57478881e-05 4.77991271e-05
  6.24411259e-05 9.73051938e-05 5.47456584e-05 2.10391401e-04
  1.67910533e-04 8.40572902e-05 3.95613170e-05 5.42545458e-05
  2.69906468e-05 3.34330980e-05 7.13830086e-05 4.79731680e-05
  7.95222368e-05 6.77768039e-05]
 [1.43845373e-05 1.95827452e-04 8.04163399e-04 9.56718400e-02
  2.38866627e-01 1.51581262e-04 4.53819288e-03 1.77195936e-01
  1.86100218e-03 1.31220846e-02 2.41855130e-01 3.06398124e-02
  1.42403529e-04 1.76637217e-01 6.20974135e-03 2.51399959e-03
  3.41980376e-05 7.88302714e-05 1.03751307e-04 9.70668858e-04
  1.10760133e-03 1.47614046e-04 2.04472410e-04 2.13867010e-04
  4.19341901e-04 1.66834332e-04 2.17168243e-04 1.83368116e-04
  1.97096437e-04 1.23629507e-04 1.23571517e-04 1.22555924e-04
  1.31282824e-04 2.03111165e-04 1.73248060e-04 2.65687180e-04
  2.19655340e-04 2.05914519e-04 2.93125689e-04 3.22738371e-04
  4.14337497e-04 3.87422711e-04 4.30538872e-04 5.06842509e-04
  2.62741029e-04 4.13068279e-04 4.27227293e-04 2.25591808e-04
  1.42050878e-04 1.40773467e-04]
 [7.98415944e-10 1.34270877e-05 1.72795183e-07 8.46501109e-07
  1.34246047e-05 3.60558283e-06 3.12123188e-06 2.51572260e-06
  7.58671449e-05 2.87155785e-06 3.94939445e-04 5.41347623e-01
  4.57451009e-04 2.38870591e-04 4.52872664e-01 4.03316226e-03
  1.49425527e-04 1.95593297e-04 3.71600690e-05 2.31065260e-05
  2.71689751e-05 2.22860490e-06 1.33190213e-06 1.10269445e-06
  1.55711120e-06 5.09739550e-07 4.82689666e-06 6.94349001e-06
  2.26533939e-06 1.75382377e-06 1.65152619e-06 1.70743715e-06
  1.30150272e-06 1.58651778e-06 4.20135649e-07 1.01145570e-05
  6.93278434e-06 6.29502551e-07 3.06111883e-06 7.37738048e-07
  3.29402246e-06 7.90948798e-06 2.45236679e-05 8.36345862e-06
  6.83560665e-06 1.16265210e-06 1.40576037e-06 1.86538205e-06
  5.69197539e-07 3.34859777e-07]
 [7.12092074e-08 2.49854747e-05 2.31016384e-05 3.05973153e-05
  6.28675334e-05 2.72033185e-06 3.55089642e-03 2.11218648e-05
  1.24915869e-05 1.63511955e-04 4.12738174e-02 3.27456021e-03
  7.90077224e-02 8.21186900e-01 1.88697595e-02 3.16218995e-02
  5.50061173e-04 1.53862740e-04 2.48637716e-05 4.60781557e-05
  3.38617792e-05 1.76788296e-06 1.44466094e-06 2.03054265e-06
  2.12224882e-06 4.52580366e-07 2.65573954e-06 1.99833562e-06
  2.00473778e-06 1.21971777e-06 1.05531092e-06 8.03423347e-07
  6.63994456e-07 1.54498071e-06 4.48128304e-07 4.01976149e-06
  2.27666692e-06 6.36964273e-07 1.75282412e-06 4.04525991e-07
  3.77114156e-06 5.39977373e-06 1.42151721e-05 4.27523628e-06
  1.79439292e-06 7.69655969e-07 2.04827825e-06 1.86370562e-06
  4.77136098e-07 2.95063330e-07]
 [5.81448012e-06 6.95963902e-03 9.02624961e-05 2.19790905e-04
  1.23985947e-05 3.46580709e-05 3.23409389e-04 2.00584047e-02
  4.64248384e-04 5.45894206e-02 2.30457008e-01 4.34441090e-01
  2.22561695e-02 1.81384869e-02 5.08102737e-02 3.15372348e-02
  4.71624732e-02 3.19831520e-02 8.18645488e-03 6.01229165e-03
  6.15831558e-03 1.29908533e-03 7.87561352e-04 1.40263618e-03
  4.32891771e-04 5.92257420e-04 1.23568380e-03 1.09782629e-03
  5.73268335e-04 3.88370245e-04 4.68332408e-04 4.20211814e-04
  3.88978689e-04 8.14648462e-04 6.92091358e-04 1.63314876e-03
  1.55259087e-03 1.11821515e-03 7.86075252e-04 3.12443648e-04
  1.09243148e-03 1.66018144e-03 4.21837950e-03 1.05421420e-03
  1.38189225e-03 6.74032199e-04 1.42360071e-03 7.86237244e-04
  1.04739831e-03 7.64306402e-04]
 [1.11072786e-05 1.06656167e-03 1.30788190e-02 1.94454018e-03
  5.93518047e-03 5.33889979e-03 3.03180873e-01 2.66954419e-03
  1.82496920e-01 2.70553231e-02 1.29561769e-02 8.96354169e-02
  1.55654788e-01 1.05310222e-02 1.56842053e-01 1.15720266e-02
  1.94603717e-03 3.05698812e-03 2.25295965e-03 3.64213833e-03
  1.16579433e-03 2.33525803e-04 2.77255400e-04 4.45752579e-04
  1.17378528e-04 1.30949076e-04 1.81253054e-04 1.98844427e-04
  1.51362328e-04 1.85324796e-04 1.54628055e-04 1.65830788e-04
  1.51585948e-04 1.45054582e-04 1.80654839e-04 2.68948206e-04
  3.98312084e-04 4.47600905e-04 3.87048029e-04 1.24109632e-04
  2.07534147e-04 3.86930478e-04 5.31538273e-04 3.66652966e-04
  3.29540955e-04 5.14179352e-04 5.02945448e-04 1.74886489e-04
  3.15344951e-04 2.91760167e-04]
 [1.59179748e-07 5.92109980e-04 3.17194290e-03 1.58865019e-04
  1.13112498e-02 7.59350974e-03 6.45897409e-04 3.98401357e-02
  3.47876586e-02 2.35753417e-01 1.31831085e-02 5.84773540e-01
  5.83925248e-05 1.39896879e-02 4.86705527e-02 4.49189544e-03
  2.21371101e-05 4.75184861e-05 9.87564090e-06 2.97977731e-05
  3.33769654e-04 1.73382577e-05 2.55268897e-05 5.93277719e-06
  7.54459397e-05 1.07652186e-05 1.59997799e-05 1.54023564e-05
  6.65442712e-06 1.31811712e-05 4.82295945e-06 8.24940798e-06
  3.60345234e-06 6.20747232e-06 3.16446153e-06 1.68537499e-05
  1.42166236e-05 8.93335800e-06 6.20166538e-05 3.83071165e-06
  2.10849776e-05 3.92826769e-05 2.81326811e-05 2.24137821e-05
  1.26777431e-05 5.05732824e-05 9.60731995e-06 1.82438707e-05
  7.06675974e-06 7.56784493e-06]
 [9.26650756e-10 2.67819161e-07 3.13496021e-05 2.85911574e-05
  7.75161061e-06 2.82128081e-08 2.18887324e-03 2.13004405e-05
  7.92547894e-07 1.21602252e-05 9.86501873e-01 1.91302010e-04
  5.59622749e-05 1.03916805e-02 5.52864105e-04 5.45347166e-06
  1.98986913e-06 6.23908420e-07 1.96038059e-07 1.13220494e-06
  5.23366282e-07 9.51986578e-09 5.64417846e-08 2.61760231e-08
  3.47317922e-07 1.66812946e-08 1.05547542e-07 1.31363805e-07
  7.97299933e-08 1.12819592e-07 5.97855490e-08 7.15995370e-08
  4.20696047e-08 1.05401895e-07 2.15694627e-08 3.32888277e-07
  2.04167762e-07 2.53188492e-08 3.57488290e-07 4.75453419e-08
  3.71179596e-07 7.06435628e-07 6.09529422e-07 5.48369599e-07
  1.71142915e-07 2.77831560e-07 1.10311170e-07 3.50095746e-07
  4.16081143e-08 3.78647549e-08]
 [3.35244778e-07 6.51698474e-06 9.59830868e-05 8.98753642e-05
  4.19087570e-07 3.86824333e-08 2.41371876e-04 1.46262610e-05
  5.87037846e-07 3.83678707e-03 9.91015494e-01 3.73672985e-04
  2.08238885e-03 1.91899552e-03 9.76739830e-06 1.99224422e-04
  3.00694524e-06 2.00807062e-06 8.37009281e-07 4.49411073e-06
  4.65962466e-06 2.80522386e-07 1.89272373e-06 6.30487136e-07
  5.65571872e-06 6.54358644e-07 1.56802810e-06 1.15257706e-06
  7.99156794e-07 7.68529901e-07 4.92699428e-07 5.69805707e-07
  3.89741331e-07 5.44293528e-07 2.91130732e-07 2.72808620e-06
  1.57865577e-06 5.24095356e-07 6.73092609e-06 4.13730106e-07
  2.49066625e-06 1.26185259e-05 1.06381831e-05 6.01642341e-06
  4.19735716e-06 2.04975022e-05 5.09685742e-06 6.60241949e-06
  1.60545471e-06 1.57748639e-06]
 [5.12734587e-05 2.21398568e-06 2.08203623e-04 1.29704844e-04
  7.57591124e-07 5.96829395e-08 1.33777503e-05 1.25812460e-06
  3.42878046e-08 3.41068255e-03 9.66741204e-01 1.01167709e-04
  2.75742169e-02 1.66942645e-03 1.45531237e-06 6.41854713e-05
  2.56058888e-06 5.20703622e-07 1.46917571e-07 8.82235440e-07
  2.22285962e-07 5.15383043e-08 2.71077624e-07 2.24925515e-07
  1.29641262e-06 5.37578501e-07 7.19284685e-07 4.62547803e-07
  4.00503012e-07 2.48576470e-07 1.46232352e-07 1.41436459e-07
  1.01031326e-07 8.72457449e-08 1.81107652e-07 8.89664705e-07
  4.83701797e-07 3.33912027e-07 2.59223066e-06 1.49642474e-07
  8.15495696e-07 3.24973939e-06 2.77910362e-06 1.10277961e-06
  7.98802546e-07 3.59005344e-06 1.82297345e-06 1.01918397e-06
  6.78934555e-07 1.30992544e-06]
 [7.75988592e-05 2.10210578e-06 1.75658482e-04 6.90854868e-05
  4.59771115e-07 2.46902303e-08 1.24810504e-05 6.95299150e-07
  3.02526040e-08 5.71295677e-04 9.93997455e-01 7.04967242e-05
  3.68938688e-03 1.29419519e-03 2.15363320e-06 9.95253595e-06
  1.34990375e-06 4.00846289e-07 1.57167946e-07 6.09481845e-07
  2.45542111e-07 4.59619613e-08 2.80016820e-07 2.04124760e-07
  9.00125485e-07 3.84384435e-07 6.37151572e-07 3.82625188e-07
  2.88717672e-07 1.83387854e-07 1.17711892e-07 1.18740395e-07
  9.04289479e-08 7.14907102e-08 1.46498877e-07 1.09753819e-06
  5.55194163e-07 3.49984333e-07 2.83322015e-06 1.50252433e-07
  6.79622815e-07 3.35893128e-06 2.53130611e-06 1.03797834e-06
  6.96940219e-07 3.09939264e-06 1.51297286e-06 8.13524537e-07
  5.36701179e-07 9.54262873e-07]
 [2.47124863e-05 9.60107855e-07 2.96918006e-05 2.66044681e-05
  2.67990941e-07 1.13757030e-08 7.27206407e-06 3.74424275e-07
  2.72339822e-08 3.00674961e-04 9.96620297e-01 5.40529145e-05
  2.03615939e-03 8.66015267e-04 1.98210068e-06 1.94485574e-06
  2.13021031e-06 9.23065215e-07 4.33468728e-07 7.49986782e-07
  5.00727879e-07 9.22155934e-08 5.86281260e-07 3.15254141e-07
  1.22440667e-06 4.60172146e-07 8.64201411e-07 5.00252497e-07
  3.11518050e-07 2.23724200e-07 1.49620021e-07 1.60971538e-07
  1.24130835e-07 9.44287208e-08 1.66634550e-07 1.40641021e-06
  6.75501610e-07 4.04071926e-07 3.05887920e-06 1.42527639e-07
  4.90735374e-07 3.00968986e-06 2.19414460e-06 1.00643013e-06
  6.22120297e-07 2.76383366e-06 1.17159630e-06 7.49700689e-07
  5.23489234e-07 8.73946476e-07]
 [3.02284043e-05 6.42498719e-07 9.84927010e-06 1.65923520e-05
  2.64992337e-07 6.74292266e-09 3.71271267e-06 2.60497131e-07
  1.10382405e-08 1.25531267e-04 9.97998536e-01 3.23560525e-05
  1.06725947e-03 6.88855362e-04 1.31117497e-06 8.45577802e-07
  1.74321940e-06 8.40023006e-07 4.54421723e-07 6.24827521e-07
  5.72442957e-07 1.10176323e-07 7.68216751e-07 2.92568529e-07
  1.09822133e-06 4.07606791e-07 7.50763263e-07 4.64560031e-07
  2.55498179e-07 1.96590634e-07 1.37262006e-07 1.50443327e-07
  1.18155285e-07 8.87228850e-08 1.43540603e-07 1.17248157e-06
  5.91516653e-07 3.46518789e-07 2.57215493e-06 1.21969094e-07
  3.66071504e-07 2.04293565e-06 1.44888213e-06 7.54846155e-07
  4.95217250e-07 2.20269249e-06 7.20735443e-07 5.66125152e-07
  4.11500423e-07 6.66517280e-07]
 [6.53060342e-05 7.85288364e-07 6.03275475e-06 1.34657166e-05
  3.80499017e-07 7.92062860e-09 3.33034245e-06 3.48622848e-07
  6.24655661e-09 6.68431239e-05 9.98781860e-01 2.21303981e-05
  3.91371635e-04 6.21015846e-04 1.03026025e-06 4.72988489e-07
  1.20322204e-06 6.27055101e-07 4.03911940e-07 5.83525605e-07
  7.88226600e-07 1.55791142e-07 1.22025540e-06 3.37372967e-07
  1.26590589e-06 4.80739914e-07 8.10675942e-07 5.48560593e-07
  2.79812326e-07 2.21539210e-07 1.62279832e-07 1.77934851e-07
  1.43619701e-07 1.07414984e-07 1.65133216e-07 1.26513112e-06
  6.86313797e-07 3.99203941e-07 3.05301501e-06 1.56583425e-07
  4.32493295e-07 2.02433807e-06 1.39155532e-06 8.15231544e-07
  5.89991373e-07 2.63978131e-06 6.52908398e-07 6.16739158e-07
  4.49722762e-07 7.12850749e-07]
 [1.35728755e-04 4.71160604e-07 3.71544206e-06 1.22341953e-05
  6.08373796e-07 7.28866567e-09 2.45408114e-06 4.91526293e-07
  2.90992297e-09 2.58848013e-05 9.99093294e-01 1.36669860e-05
  8.82702006e-05 5.77932282e-04 7.43802332e-07 2.91737564e-07
  1.10779104e-06 7.01710007e-07 5.26819008e-07 6.76185209e-07
  1.51504332e-06 3.23159725e-07 2.77348590e-06 5.86352144e-07
  2.27728356e-06 8.85664974e-07 1.37658969e-06 1.01514684e-06
  4.95898519e-07 3.98858390e-07 3.03087546e-07 3.33012451e-07
  2.73720445e-07 2.05890586e-07 3.03374122e-07 2.16837225e-06
  1.24931785e-06 7.31348905e-07 5.67808911e-06 3.15671940e-07
  7.62084085e-07 3.22849110e-06 2.17227807e-06 1.42942554e-06
  1.13374040e-06 5.05993057e-06 9.71252803e-07 1.08793824e-06
  7.90345439e-07 1.24804126e-06]
 [5.36048377e-04 2.72942287e-07 3.33280377e-06 1.68961997e-05
  1.00417572e-06 7.53169438e-09 2.23387769e-06 6.71381997e-07
  2.36686271e-09 2.17568740e-05 9.98716831e-01 1.25048637e-05
  2.84258240e-05 5.44279639e-04 6.84133568e-07 2.97464595e-07
  1.50886160e-06 1.34572201e-06 1.05388756e-06 1.09985046e-06
  3.36524045e-06 8.31040836e-07 7.07115987e-06 1.26072985e-06
  5.46862657e-06 2.38975394e-06 3.51965195e-06 2.87013472e-06
  1.39421707e-06 1.14397869e-06 8.86508985e-07 9.90467356e-07
  8.14666294e-07 6.21919469e-07 9.11545499e-07 5.83794599e-06
  3.55702355e-06 2.14600163e-06 1.56552196e-05 9.47400906e-07
  1.99727606e-06 7.58564011e-06 5.04269792e-06 3.86855027e-06
  3.38942914e-06 1.49293119e-05 2.23019947e-06 2.97140355e-06
  2.21343475e-06 3.87328646e-06]
 [2.50040693e-03 1.46145453e-07 2.49015011e-06 2.62986832e-05
  1.43233410e-06 6.92994240e-09 2.04067510e-06 8.72241287e-07
  2.21346008e-09 2.42498118e-05 9.96698320e-01 1.17479003e-05
  1.38925070e-05 5.02452895e-04 6.51669438e-07 2.67238590e-07
  1.59744548e-06 1.97799204e-06 1.57560669e-06 1.38840892e-06
  5.33215098e-06 1.47855417e-06 1.28528800e-05 1.80638688e-06
  9.07318372e-06 4.36124446e-06 6.10200595e-06 5.57758949e-06
  2.72297552e-06 2.25254871e-06 1.77526522e-06 2.01725265e-06
  1.65046436e-06 1.31748845e-06 1.90131664e-06 1.07897158e-05
  6.95504605e-06 4.30717137e-06 3.01248001e-05 1.98634939e-06
  3.74597016e-06 1.24383614e-05 8.27427721e-06 7.47711874e-06
  7.37292930e-06 3.21968182e-05 3.46771867e-06 5.81634231e-06
  4.33914829e-06 8.62973138e-06]
 [1.20986821e-02 9.93249500e-08 1.81282257e-06 4.85907149e-05
  1.80789687e-06 6.52815269e-09 2.45577053e-06 1.22992151e-06
  2.53803800e-09 3.26257177e-05 9.87011552e-01 1.11383160e-05
  9.81311860e-06 4.56219946e-04 6.91685784e-07 2.12549992e-07
  1.52454777e-06 2.34923959e-06 1.93979531e-06 1.46851789e-06
  7.39274310e-06 2.13091380e-06 2.04917924e-05 2.00993077e-06
  1.22124611e-05 5.91578510e-06 7.90321337e-06 8.23618939e-06
  4.09041650e-06 3.25233100e-06 2.61209266e-06 2.99285216e-06
  2.43223917e-06 2.13558883e-06 2.95953623e-06 1.50832257e-05
  1.01871401e-05 6.32439787e-06 4.58968352e-05 3.25471387e-06
  5.52103756e-06 1.58941530e-05 1.09692182e-05 1.14935719e-05
  1.31182369e-05 5.69367403e-05 4.01112447e-06 9.16539739e-06
  6.47987463e-06 1.47299297e-05]
 [5.25919832e-02 1.03994559e-07 1.83979660e-06 1.02169608e-04
  2.23065922e-06 7.36148431e-09 4.05446963e-06 1.79201425e-06
  3.93255517e-09 4.47751117e-05 9.46315944e-01 1.12943608e-05
  9.70824567e-06 4.15012444e-04 8.02113505e-07 1.92803952e-07
  1.59780882e-06 2.76579431e-06 2.38680491e-06 1.59159492e-06
  1.13650030e-05 3.09752227e-06 3.46078778e-05 2.25464305e-06
  1.80083134e-05 8.01830902e-06 1.01043488e-05 1.21981138e-05
  6.35087372e-06 4.43594217e-06 3.62298670e-06 4.12756981e-06
  3.32853551e-06 3.41923055e-06 4.56646012e-06 2.11272454e-05
  1.46336333e-05 8.97036534e-06 7.29336753e-05 5.46530055e-06
  8.23220398e-06 1.94554050e-05 1.49701500e-05 1.72306991e-05
  2.34647232e-05 1.00421901e-04 4.52008680e-06 1.46329203e-05
  9.34577110e-06 2.48470878e-05]
 [1.58108145e-01 1.46443952e-07 2.34754748e-06 1.96366746e-04
  2.70919918e-06 9.32221145e-09 7.26898315e-06 2.45728961e-06
  6.61149713e-09 4.86197532e-05 8.40486050e-01 1.10954770e-05
  1.01185824e-05 3.68988083e-04 9.16754573e-07 1.93182188e-07
  1.82102599e-06 3.27293651e-06 2.89318086e-06 1.71770716e-06
  1.80565676e-05 4.47255798e-06 5.59865694e-05 2.67425480e-06
  2.72821380e-05 1.10749479e-05 1.28910160e-05 1.81902396e-05
  1.00669231e-05 5.79604603e-06 4.79113032e-06 5.29907629e-06
  4.24521204e-06 5.36335028e-06 7.16017894e-06 2.91794931e-05
  2.08752917e-05 1.27152662e-05 1.17290831e-04 9.31764862e-06
  1.24284425e-05 2.22150193e-05 2.04114040e-05 2.35189164e-05
  3.91681642e-05 1.62264434e-04 5.27274688e-06 2.28978497e-05
  1.32386795e-05 4.07848493e-05]]
44520173-Q13715201	[[6.28577080e-04 1.96281268e-04 3.40239261e-03 5.21767363e-02
  3.36446673e-01 7.42633594e-04 2.38460372e-04 1.16005475e-02
  6.86872634e-04 1.41284312e-03 2.14005202e-01 1.83045983e-01
  5.05379634e-04 1.03103302e-01 6.99661970e-02 1.76523905e-02
  2.27544486e-04 1.43009791e-04 7.64683864e-05 7.25984864e-05
  1.01621437e-04 1.06593048e-04 6.85561463e-05 1.31122084e-04
  7.55372166e-05 1.13626251e-04 6.08640148e-05 7.67122765e-05
  6.67993954e-05 9.50925096e-05 7.55798028e-05 1.03015220e-04
  8.04153970e-05 8.47867632e-05 1.69788647e-04 9.55732685e-05
  1.23575068e-04 1.92487700e-04 1.08436470e-04 4.14448179e-04
  3.31842457e-04 1.64299636e-04 7.79015172e-05 1.06187508e-04
  5.30745929e-05 6.53137540e-05 1.41127690e-04 9.47131994e-05
  1.56966038e-04 1.33919806e-04]
 [5.10397693e-03 3.73616040e-01 2.01596171e-02 5.26027083e-02
  7.65031055e-02 1.26626366e-03 2.87024528e-02 1.24901094e-01
  1.71050373e-02 5.51894633e-03 9.35799479e-02 1.63148306e-02
  2.99724005e-03 2.10709102e-03 1.36744138e-03 1.10200315e-03
  1.60991738e-03 3.91132897e-03 5.35621401e-03 5.41076530e-03
  1.71500985e-02 1.09435068e-02 2.04333365e-02 3.05965659e-03
  2.47275387e-03 4.04982781e-03 2.53210939e-03 5.03363134e-03
  1.56406313e-03 2.48263194e-03 3.05438577e-03 3.80730489e-03
  3.95742664e-03 4.57975687e-03 3.55650974e-03 2.71711918e-03
  5.36827696e-03 5.33478474e-03 4.82009351e-03 5.94889419e-03
  4.86939913e-03 1.92369823e-03 1.75511395e-03 4.69366834e-03
  8.23245756e-03 1.38370562e-02 1.76447432e-03 2.67265318e-03
  4.13100515e-03 4.01826762e-03]
 [5.55612380e-04 5.35280034e-02 2.05520570e-01 4.52663191e-03
  2.65991632e-02 1.82548910e-02 1.98369399e-01 1.34554813e-02
  3.15783061e-02 1.47374570e-02 7.46477116e-03 7.27655506e-03
  8.78296234e-03 2.88346899e-03 9.37442668e-03 2.65756203e-03
  2.31182738e-03 8.60564597e-03 1.69696938e-02 6.22561760e-03
  1.01444060e-02 1.03079760e-02 2.95249969e-02 1.19408472e-02
  3.82023375e-03 8.31937324e-03 4.59926901e-03 7.78866000e-03
  5.36134187e-03 6.36698958e-03 7.28913723e-03 7.47152325e-03
  8.16414226e-03 5.32947201e-03 8.72409623e-03 3.92975239e-03
  1.01244301e-02 1.87689178e-02 1.40334088e-02 1.57410949e-02
  9.68523975e-03 4.76761675e-03 5.24913706e-03 1.08509986e-02
  2.04197671e-02 5.43498844e-02 1.25443963e-02 8.94192047e-03
  1.88131332e-02 1.69498567e-02]
 [3.94819523e-07 4.05481027e-04 9.72469926e-01 1.39577314e-05
  2.27282289e-04 1.97067056e-04 1.28232897e-03 2.52103840e-04
  3.17076454e-03 2.06501000e-02 5.93384975e-05 9.68854583e-04
  2.42652226e-04 3.36258636e-05 3.36488779e-06 1.74633788e-05
  2.13365681e-07 7.21009741e-08 2.66035070e-08 4.78567763e-08
  6.81505526e-07 1.20360340e-07 3.20256163e-07 2.75422849e-08
  6.93227264e-07 1.66571738e-07 4.01144717e-08 5.54042892e-08
  6.68888589e-08 4.12267980e-08 2.31127348e-08 3.54831684e-08
  1.98412167e-08 9.92632536e-08 1.11500420e-07 2.83023294e-08
  3.33400259e-08 9.13115628e-08 4.87554701e-07 1.14599196e-07
  1.71993733e-07 3.89307395e-08 3.86905263e-08 5.12610185e-08
  8.35783212e-08 7.14495002e-07 4.74296762e-08 2.35369527e-07
  8.93097081e-08 2.05954791e-07]
 [3.36678363e-06 5.15895139e-04 1.26795820e-03 7.71802783e-01
  2.73580058e-03 2.43174400e-05 3.43947262e-02 1.83932930e-01
  4.27299924e-03 7.91592756e-05 2.11297538e-05 1.45881117e-04
  3.06713196e-06 1.42982302e-04 1.16590425e-04 1.90125811e-05
  5.22092819e-07 2.71825616e-06 1.87865714e-06 3.62718902e-06
  2.48645465e-05 4.45459273e-06 2.55534032e-05 1.91662753e-06
  4.63518772e-05 1.23450391e-05 2.05712968e-06 4.98158079e-06
  6.79309051e-06 4.32621573e-06 2.73189994e-06 3.62542164e-06
  2.32477282e-06 7.86634519e-06 7.28713030e-06 2.04470575e-06
  3.15080342e-06 5.10588143e-06 2.76084793e-05 6.45804039e-06
  1.08157401e-05 4.57001306e-06 8.39643872e-06 1.11199752e-05
  2.13064868e-05 2.01226867e-04 7.10839913e-06 1.98840680e-05
  7.03721798e-06 1.92880925e-05]
 [2.68807497e-07 1.55210568e-04 6.84435945e-04 1.53661687e-02
  6.00591779e-01 5.63562207e-04 9.92162735e-04 2.98134051e-03
  3.67825150e-01 9.71766985e-06 3.12749125e-06 3.09312250e-03
  2.64338996e-06 1.24565477e-05 3.31692817e-03 8.26649659e-04
  6.87445026e-06 2.37512686e-05 2.39472774e-05 1.61156968e-05
  3.49618000e-04 3.23851564e-05 1.55937116e-04 7.90683862e-06
  2.09720878e-04 3.29273862e-05 1.20142622e-05 1.96536093e-05
  1.96459823e-05 2.59465505e-05 1.57780287e-05 2.55267023e-05
  1.43521993e-05 2.71667413e-05 1.39451377e-05 2.69921638e-05
  2.82790479e-05 2.43091799e-05 1.74754736e-04 3.05267386e-05
  4.83969379e-05 8.90806332e-05 1.22429832e-04 1.53566230e-04
  2.24584350e-04 1.39144051e-03 3.30424846e-05 1.07871601e-04
  3.26902154e-05 5.40666333e-05]
 [8.92618424e-09 3.31702063e-06 1.40939310e-05 1.29551347e-08
  1.27658395e-05 9.93462205e-01 1.98401767e-03 7.68980044e-06
  4.15458670e-03 1.49470213e-06 2.36133690e-08 1.01619571e-05
  3.19043920e-07 6.73203360e-08 3.49345646e-06 3.78394834e-05
  1.10235442e-06 6.42014129e-07 3.53651586e-07 3.10257974e-07
  2.33988721e-05 1.78736548e-06 1.26004352e-05 9.79156425e-07
  6.50491165e-06 1.05752872e-06 1.29910768e-06 2.24897030e-06
  2.76090668e-06 3.09442271e-06 1.84772546e-06 2.49592267e-06
  1.49115965e-06 3.45908097e-06 1.19207027e-06 2.15335012e-06
  3.08144763e-06 1.91385834e-06 1.37446577e-05 2.13599969e-06
  3.46955744e-06 6.81710162e-06 1.39426620e-05 1.58432540e-05
  2.59799472e-05 1.27947700e-04 4.23612983e-06 1.27073181e-05
  2.63499305e-06 2.63427182e-06]
 [3.66403334e-08 6.54786234e-08 1.56059414e-07 6.82295763e-07
  1.40713638e-07 4.64044715e-04 9.99446929e-01 7.94131847e-06
  1.51893282e-05 1.33552035e-07 1.25615168e-06 7.33146734e-08
  1.15791545e-06 1.91554864e-06 1.03612256e-05 5.78791855e-07
  5.15925194e-06 2.08555616e-06 4.44213356e-07 7.22258619e-07
  3.05579397e-06 3.19370173e-07 2.12596819e-06 5.61479908e-07
  1.83084558e-06 1.78597375e-07 2.72297569e-07 4.44260820e-07
  1.37370989e-06 8.02749469e-07 3.42106546e-07 2.84934373e-07
  1.66666140e-07 6.37885933e-07 1.89162463e-07 2.01859805e-07
  3.21980622e-07 2.35473976e-07 1.35260473e-06 1.19824364e-07
  9.26444557e-07 7.31618911e-07 3.13083547e-06 2.57559600e-06
  3.02277431e-06 9.78847675e-06 2.03218951e-06 3.20329355e-06
  3.03588621e-07 3.14416383e-07]
 [5.86711337e-08 1.97727950e-08 6.89913747e-07 3.04784322e-07
  4.14934131e-09 4.94746564e-06 9.99976754e-01 1.14641707e-05
  1.45199920e-06 8.50041602e-08 1.86477018e-06 2.33532504e-09
  6.67578604e-07 8.03867806e-07 1.07369694e-07 7.27169223e-08
  3.95008364e-08 2.39834765e-08 9.13527920e-09 2.37252742e-08
  4.34644321e-08 3.51839868e-09 4.54591138e-08 7.51228324e-09
  1.80038846e-08 1.90086680e-09 3.99000921e-09 3.55844665e-09
  1.09314957e-08 4.20871515e-09 3.11012038e-09 2.37518405e-09
  2.07351070e-09 3.39935569e-09 8.55776838e-10 2.17814500e-09
  2.27651564e-09 1.42628720e-09 1.14159961e-08 1.04476061e-09
  5.40996581e-09 7.26836147e-09 3.15193134e-08 2.65091877e-08
  3.97126598e-08 2.33889551e-07 3.16546895e-08 3.68114534e-08
  2.87945423e-09 2.40246245e-09]
 [8.99548027e-08 4.33832987e-08 1.04444723e-06 3.21115749e-07
  3.62686925e-09 4.67029349e-06 9.99979496e-01 9.57600423e-06
  6.37976370e-07 3.20811040e-08 1.24613916e-06 8.65384653e-10
  3.18126126e-07 5.44765044e-07 3.43794220e-08 2.20430270e-08
  1.53352815e-07 1.23976719e-07 4.99055908e-08 5.59185906e-08
  1.61943646e-07 1.67936154e-08 2.07485556e-07 3.20886286e-08
  7.08098469e-08 6.88722412e-09 1.58789657e-08 1.37952529e-08
  3.93777242e-08 1.45158783e-08 1.10812239e-08 8.47060555e-09
  7.65022001e-09 1.14666552e-08 2.77899836e-09 7.90799781e-09
  7.66687247e-09 4.67956385e-09 3.48626514e-08 3.02810377e-09
  8.57761773e-09 1.43704249e-08 6.48730136e-08 6.03452435e-08
  9.02848285e-08 5.53711288e-07 7.78700340e-08 9.01356572e-08
  8.07186407e-09 6.64724809e-09]
 [1.68820705e-07 9.07686442e-08 1.19935737e-06 5.06202582e-07
  5.63538016e-09 5.71824603e-06 9.99968052e-01 1.01122805e-05
  4.51822103e-07 2.70516551e-08 1.61042612e-06 7.74265374e-10
  2.69127639e-07 6.58675674e-07 1.89704448e-08 2.11428866e-08
  7.98985354e-07 7.66071139e-07 3.15156001e-07 2.67226426e-07
  1.05709853e-06 1.22816871e-07 1.45825766e-06 2.10257312e-07
  4.54789898e-07 3.97681745e-08 9.99089451e-08 8.86900011e-08
  2.37542636e-07 8.87290952e-08 6.85209898e-08 5.28758513e-08
  4.83780944e-08 6.99693956e-08 1.58513380e-08 4.95697599e-08
  4.61713299e-08 2.64995048e-08 1.99745386e-07 1.65322458e-08
  3.45002213e-08 5.84119100e-08 2.79050568e-07 2.69909066e-07
  4.10787692e-07 2.51874485e-06 3.49167067e-07 4.16456061e-07
  4.00524947e-08 3.29019478e-08]
 [5.52206131e-07 2.19179313e-07 1.58694252e-06 8.66863559e-07
  1.01709121e-08 8.31240686e-06 9.99937296e-01 1.18550115e-05
  4.43946277e-07 3.14376756e-08 2.84106795e-06 9.91421056e-10
  3.68973218e-07 1.04989772e-06 1.57808042e-08 3.01692609e-08
  2.14200963e-06 2.21364530e-06 9.44618250e-07 8.16851355e-07
  3.49466609e-06 4.42289718e-07 5.07837103e-06 7.26765848e-07
  1.56050453e-06 1.39664991e-07 3.52469783e-07 3.23926628e-07
  8.19781008e-07 3.15960932e-07 2.44424996e-07 1.91356733e-07
  1.76765866e-07 2.44556247e-07 5.59879467e-08 1.87287441e-07
  1.72273715e-07 9.45703889e-08 7.30296051e-07 6.08269914e-08
  1.04254084e-07 1.69017198e-07 7.85003294e-07 7.90126421e-07
  1.21559469e-06 7.43583223e-06 1.03372906e-06 1.20727066e-06
  1.26146844e-07 1.06201881e-07]
 [1.61849869e-06 4.41668107e-07 2.02314459e-06 1.44643207e-06
  1.84530649e-08 1.19318020e-05 9.99890804e-01 1.49610669e-05
  4.90062064e-07 3.83177330e-08 5.64143238e-06 1.54728996e-09
  5.24872121e-07 1.92486368e-06 1.90979659e-08 4.69767123e-08
  3.85299427e-06 4.04483308e-06 1.79264782e-06 1.69511463e-06
  7.41560825e-06 9.78811386e-07 1.09274979e-05 1.56154408e-06
  3.21475000e-06 2.98740161e-07 7.54148346e-07 7.09883125e-07
  1.67863334e-06 6.68669372e-07 5.18241393e-07 4.10329221e-07
  3.82223163e-07 5.08433004e-07 1.18338107e-07 4.19958980e-07
  3.85061924e-07 2.02296235e-07 1.59243086e-06 1.34244999e-07
  2.03365900e-07 3.22682610e-07 1.42582280e-06 1.46208447e-06
  2.24311907e-06 1.36235567e-05 1.92783955e-06 2.18550758e-06
  2.45254199e-07 2.07011382e-07]
 [4.64199820e-06 7.49262711e-07 2.45686442e-06 2.36205619e-06
  3.42225945e-08 1.76932372e-05 9.99828696e-01 1.95387911e-05
  5.13172722e-07 4.55488909e-08 1.08850400e-05 2.60307931e-09
  7.17558805e-07 3.76849812e-06 3.01775529e-08 7.40622852e-08
  5.73952047e-06 5.93292179e-06 2.72954094e-06 2.85234000e-06
  1.27869962e-05 1.71787701e-06 1.87388760e-05 2.67063979e-06
  5.13617078e-06 4.97611381e-07 1.26025839e-06 1.20721336e-06
  2.64528649e-06 1.08478400e-06 8.44258125e-07 6.73765953e-07
  6.33196862e-07 8.14137195e-07 1.93348171e-07 7.25415703e-07
  6.65126777e-07 3.35100594e-07 2.68258350e-06 2.28030004e-07
  3.17911997e-07 4.98973293e-07 2.09571954e-06 2.15092064e-06
  3.28489295e-06 1.97432400e-05 2.86602290e-06 3.14907038e-06
  3.76963897e-07 3.14990359e-07]
 [1.39771555e-05 1.13799342e-06 2.87287935e-06 3.89313800e-06
  6.54617054e-08 2.69325265e-05 9.99733984e-01 2.60655670e-05
  5.16010118e-07 5.47771570e-08 2.04884836e-05 4.61762584e-09
  9.60033731e-07 7.60828334e-06 5.78719863e-08 1.20401367e-07
  8.09881385e-06 8.19965771e-06 3.91071308e-06 4.53275334e-06
  2.10056205e-05 2.83537474e-06 3.02702265e-05 4.28958492e-06
  7.62929631e-06 7.73384386e-07 1.96859537e-06 1.91615027e-06
  3.88162334e-06 1.62961840e-06 1.27562191e-06 1.02370529e-06
  9.71098302e-07 1.21213770e-06 2.95033288e-07 1.16289550e-06
  1.06963739e-06 5.18607067e-07 4.22044377e-06 3.60488116e-07
  4.73441617e-07 7.36592426e-07 2.94774986e-06 2.99382191e-06
  4.57234000e-06 2.71146055e-05 4.03539525e-06 4.31910712e-06
  5.49010736e-07 4.53240489e-07]
 [5.10217942e-05 1.62564970e-06 3.35304685e-06 6.81239771e-06
  1.29975660e-07 4.10001376e-05 9.99536872e-01 3.45556509e-05
  5.42913881e-07 7.34955918e-08 3.89146662e-05 8.97911967e-09
  1.32448793e-06 1.55922316e-05 1.30853593e-07 2.21713009e-07
  1.23957543e-05 1.27244057e-05 6.19457705e-06 7.84248732e-06
  3.71300848e-05 5.07292998e-06 5.23484341e-05 7.41728991e-06
  1.23618138e-05 1.33538015e-06 3.43144916e-06 3.41389796e-06
  6.42675559e-06 2.75160687e-06 2.16328999e-06 1.74815227e-06
  1.67006931e-06 2.03147715e-06 5.11331962e-07 2.09269933e-06
  1.93857454e-06 9.09767436e-07 7.44360113e-06 6.38732331e-07
  7.97949497e-07 1.22645076e-06 4.68319968e-06 4.72077272e-06
  7.27465931e-06 4.23706588e-05 6.40157759e-06 6.75467891e-06
  9.13438782e-07 7.59871682e-07]
 [2.74812890e-04 2.16754779e-06 4.06660956e-06 1.34190914e-05
  2.76236875e-07 6.06879948e-05 9.98913288e-01 4.45260994e-05
  6.44903707e-07 1.19033920e-07 7.68390964e-05 2.04776462e-08
  1.91505364e-06 3.29520044e-05 3.54199983e-07 5.15875229e-07
  2.32316397e-05 2.64783357e-05 1.26940404e-05 1.68314873e-05
  7.82266361e-05 1.11725558e-05 1.08234693e-04 1.55839170e-05
  2.54230054e-05 3.04954324e-06 7.99272584e-06 8.25103598e-06
  1.46461307e-05 6.38579513e-06 5.01630893e-06 4.10954635e-06
  3.92788343e-06 4.67728387e-06 1.23724294e-06 5.17483295e-06
  4.84403017e-06 2.21969481e-06 1.77560923e-05 1.53533529e-06
  1.82501276e-06 2.74689205e-06 1.00003263e-05 1.02358172e-05
  1.61153548e-05 9.15799683e-05 1.36980825e-05 1.45708709e-05
  2.11569545e-06 1.86495402e-06]
 [2.05273554e-03 2.59698368e-06 4.97424708e-06 2.80876266e-05
  6.79689833e-07 8.26300529e-05 9.95814860e-01 6.26567053e-05
  7.77633488e-07 1.90990463e-07 1.68462939e-04 5.12682874e-08
  2.40174154e-06 7.68178870e-05 1.08430208e-06 1.35830464e-06
  5.12477818e-05 7.22799959e-05 3.36013909e-05 4.56320413e-05
  2.14547326e-04 3.25971087e-05 2.98052211e-04 4.22609010e-05
  7.19329255e-05 9.67428423e-06 2.60714933e-05 2.84349826e-05
  4.84993288e-05 2.13429721e-05 1.67163344e-05 1.39751082e-05
  1.32923788e-05 1.56638471e-05 4.36578466e-06 1.85988847e-05
  1.75671867e-05 7.88144553e-06 6.14455785e-05 5.35802656e-06
  6.04768820e-06 8.79362960e-06 3.06270813e-05 3.27104608e-05
  5.34165629e-05 2.95478443e-04 4.11151377e-05 4.62471908e-05
  7.15278520e-06 6.98663780e-06]
 [1.81428548e-02 2.32115690e-06 5.40121800e-06 5.60825065e-05
  2.09928362e-06 8.70700387e-05 9.74467158e-01 1.16443618e-04
  8.21016272e-07 2.49303127e-07 4.43865836e-04 1.19729464e-07
  2.08689767e-06 2.09633683e-04 3.20023764e-06 3.25784663e-06
  1.15587587e-04 2.11971317e-04 9.66131556e-05 1.34316113e-04
  7.31540669e-04 1.17170464e-04 1.06689567e-03 1.35253038e-04
  2.60037341e-04 3.78725563e-05 1.04466410e-04 1.23030492e-04
  2.05962468e-04 8.95423582e-05 7.01026001e-05 5.99562154e-05
  5.65781811e-05 6.74611947e-05 1.94866443e-05 8.48363707e-05
  8.06043754e-05 3.52691022e-05 2.76930310e-04 2.43872455e-05
  2.59414028e-05 3.56081873e-05 1.20342564e-04 1.37541458e-04
  2.38307359e-04 1.28670328e-03 1.49743311e-04 1.92429769e-04
  3.06974071e-05 3.41626728e-05]
 [1.31672457e-01 1.21122071e-06 4.03043532e-06 9.72592752e-05
  5.54313829e-06 5.93851219e-05 8.49785924e-01 2.23526033e-04
  6.38727556e-07 2.70951233e-07 9.63475031e-04 1.90077031e-07
  1.42494446e-06 4.64084122e-04 6.29278838e-06 4.49015215e-06
  1.67380698e-04 3.79959471e-04 1.74640983e-04 2.34536288e-04
  1.69529242e-03 2.80564011e-04 2.72786664e-03 2.71342869e-04
  6.28930866e-04 9.53817434e-05 2.56992440e-04 3.42673418e-04
  5.69416268e-04 2.37434491e-04 1.86646197e-04 1.61858829e-04
  1.51156899e-04 1.91771207e-04 5.63235553e-05 2.39141562e-04
  2.33939631e-04 9.96555827e-05 8.20101006e-04 7.48638486e-05
  7.34728019e-05 8.91593590e-05 3.01501714e-04 3.75217438e-04
  7.24244455e-04 3.81830405e-03 3.28731432e-04 5.29628072e-04
  8.39332934e-05 1.07693377e-04]]
44520173-Q13715203	[[4.25466627e-04 3.07200753e-05 9.39991223e-05 6.83279987e-03
  3.33907083e-02 2.61874025e-04 9.61084268e-04 1.42343640e-01
  1.08278273e-02 2.21955195e-01 2.35140339e-01 2.83757418e-01
  3.61023762e-04 2.26285160e-02 2.37016287e-02 1.31321503e-02
  1.74733927e-04 1.37213938e-04 7.49946921e-05 6.56850170e-05
  9.96798626e-05 1.07633205e-04 7.10944732e-05 1.27416031e-04
  7.97774774e-05 1.15915522e-04 6.14911769e-05 7.85262600e-05
  6.75124393e-05 9.51065231e-05 7.53242566e-05 1.02333041e-04
  7.99099653e-05 8.80691950e-05 1.71739215e-04 1.02013146e-04
  1.28976491e-04 1.96011912e-04 1.09805180e-04 4.16464754e-04
  3.35276272e-04 1.64735829e-04 8.04378360e-05 1.08650805e-04
  5.32632002e-05 6.53040770e-05 1.40723510e-04 9.67261512e-05
  1.52988796e-04 1.30082073e-04]
 [9.08406801e-05 3.12031945e-04 9.70970374e-04 4.31153429e-04
  6.69255911e-04 4.73619765e-03 4.35662456e-02 2.26210412e-02
  3.13680097e-02 2.66660500e-04 1.29775831e-03 1.35250355e-03
  1.39940785e-05 1.91595347e-04 6.59423822e-05 3.60790254e-05
  5.76375565e-03 1.32588474e-02 1.63682718e-02 3.34727089e-03
  1.89188719e-02 1.22633297e-02 2.36115549e-02 6.39027078e-03
  7.76217505e-03 7.15668965e-03 1.88265145e-02 4.75562327e-02
  1.62584502e-02 2.30870973e-02 3.42976339e-02 3.18587795e-02
  3.86348218e-02 3.83161604e-02 1.32248644e-02 2.92512234e-02
  5.57693951e-02 1.67215299e-02 2.52875350e-02 5.16269729e-02
  2.80335993e-02 2.23659743e-02 2.71877889e-02 5.92984185e-02
  9.19295996e-02 4.65114713e-02 9.14128684e-03 2.52957847e-02
  1.72712505e-02 9.41624958e-03]
 [1.13902399e-06 5.24005227e-05 1.86902093e-06 5.62849571e-08
  5.44661773e-08 1.94504410e-05 1.97773643e-05 5.13363545e-07
  5.30090756e-06 9.53926786e-08 2.37699808e-07 9.31561590e-06
  1.90397855e-04 6.76620289e-07 3.35791260e-02 9.02649554e-05
  3.48776728e-02 3.09813052e-01 2.20492572e-01 5.64624043e-03
  3.14515294e-03 2.67446395e-02 8.33197124e-03 8.59132130e-03
  1.35640218e-03 1.98181551e-02 3.68940160e-02 3.71462852e-02
  8.87000002e-03 2.73135528e-02 4.72977422e-02 2.75472775e-02
  3.18144597e-02 8.66742060e-03 8.15944280e-03 1.22791668e-02
  1.82036888e-02 1.28481602e-02 9.29573830e-03 9.52777173e-03
  3.56943393e-03 1.20448007e-03 2.29936047e-03 1.46923983e-03
  5.21620736e-03 1.15835050e-03 1.24337594e-03 1.35396735e-03
  9.53204837e-03 4.30097338e-03]
 [5.65885561e-09 3.22723690e-06 7.68195392e-08 8.91832941e-10
  7.50933093e-09 5.97427629e-07 1.45558772e-07 4.72461998e-08
  2.77644654e-06 4.96883956e-09 1.94049960e-07 1.15167506e-06
  1.40856429e-07 8.01562550e-09 5.92786353e-04 5.82598705e-06
  1.84189770e-02 1.46217316e-01 1.81690171e-01 7.62281334e-03
  5.68325678e-03 2.45150998e-02 1.79838445e-02 1.27018299e-02
  1.89042580e-03 1.27283493e-02 6.10403419e-02 6.41043857e-02
  2.15311330e-02 3.56052592e-02 7.23545179e-02 3.33150439e-02
  4.99275438e-02 1.39062908e-02 1.07449023e-02 3.28552984e-02
  4.70756963e-02 1.84002277e-02 3.38041671e-02 2.12955531e-02
  7.70817185e-03 2.49815756e-03 3.75228934e-03 2.42316956e-03
  9.68575664e-03 3.90547118e-03 2.62161950e-03 3.33131477e-03
  1.26260445e-02 5.42861270e-03]
 [5.19778842e-09 5.38589211e-06 2.16240267e-07 6.87846846e-09
  7.42818251e-09 2.65911382e-07 8.91180107e-08 5.69878900e-08
  2.32295156e-06 1.06190106e-08 3.60367665e-07 2.31843887e-06
  2.04154702e-07 6.45748521e-09 1.11233618e-03 3.44931891e-06
  1.21180741e-02 6.99932501e-02 1.09433107e-01 1.20895393e-02
  5.74697647e-03 1.33575527e-02 2.80820504e-02 7.71365128e-03
  3.35491146e-03 9.15073603e-03 7.50673786e-02 7.59057552e-02
  3.95957343e-02 3.70018743e-02 7.09843710e-02 3.13492827e-02
  5.02736680e-02 1.37535501e-02 1.04012210e-02 6.15174510e-02
  5.91077991e-02 2.09695362e-02 7.71573707e-02 3.29938643e-02
  8.18693452e-03 5.02635771e-03 5.72076999e-03 5.59055666e-03
  1.43070612e-02 8.84580798e-03 1.98728242e-03 3.75071703e-03
  1.06692761e-02 7.66946748e-03]
 [1.61392133e-09 1.50658491e-06 1.01666025e-07 8.19834156e-09
  8.10626055e-09 1.16060527e-07 7.42840456e-08 9.94733966e-08
  2.62291655e-06 1.85367721e-08 5.66234746e-07 2.26324869e-06
  7.51962403e-08 6.72382594e-09 1.94476719e-03 2.55485634e-06
  1.09382207e-02 6.85997233e-02 1.24570847e-01 1.90957803e-02
  5.89636480e-03 1.14409924e-02 3.43102776e-02 7.36082625e-03
  3.60689429e-03 7.84135610e-03 7.00138658e-02 6.97785541e-02
  3.92481200e-02 3.47404480e-02 6.55930340e-02 2.89499611e-02
  4.89873551e-02 1.25324354e-02 9.79017094e-03 6.05076887e-02
  5.46160005e-02 2.08905693e-02 8.00485238e-02 3.26266997e-02
  7.30161462e-03 6.33664522e-03 5.90135204e-03 7.22226640e-03
  1.41425338e-02 1.11821247e-02 1.90535584e-03 3.34740174e-03
  1.02944085e-02 8.42679571e-03]
 [9.53174317e-10 7.24672645e-07 7.02321472e-08 7.35737782e-09
  4.12735091e-09 4.08618313e-08 4.71463757e-08 7.63167378e-08
  1.69480450e-06 2.56412296e-08 5.87483839e-07 2.59153148e-06
  7.98888351e-08 5.64944225e-09 1.63285085e-03 2.17711658e-06
  1.04653845e-02 6.60026893e-02 1.22301824e-01 2.20249463e-02
  6.24864548e-03 1.02758110e-02 3.62860970e-02 6.38179854e-03
  4.01430484e-03 6.64061960e-03 6.53421953e-02 6.64145574e-02
  4.06369455e-02 3.46087180e-02 6.35320619e-02 2.90569887e-02
  4.87987176e-02 1.22676501e-02 8.97814985e-03 6.39972612e-02
  5.41371182e-02 1.90240797e-02 8.66823196e-02 3.16343568e-02
  7.10094953e-03 7.62729440e-03 6.47035846e-03 8.88278894e-03
  1.55015076e-02 1.36852926e-02 1.85859750e-03 3.51492153e-03
  9.58540477e-03 8.37874226e-03]
 [8.60730320e-10 4.47816831e-07 5.19914458e-08 8.55538929e-09
  4.46651960e-09 2.51288128e-08 3.35323023e-08 8.70508572e-08
  1.54325176e-06 3.19321813e-08 7.18495755e-07 2.43161776e-06
  6.08228916e-08 6.04169070e-09 1.54427357e-03 2.06276468e-06
  9.22949705e-03 6.36745989e-02 1.22586273e-01 2.41626445e-02
  6.61366060e-03 1.00475103e-02 3.75549756e-02 6.05671154e-03
  4.16501798e-03 6.11721957e-03 6.22119196e-02 6.38820753e-02
  4.07352671e-02 3.38492990e-02 6.13060258e-02 2.87390370e-02
  4.80615422e-02 1.20958304e-02 8.76049045e-03 6.59668744e-02
  5.38143627e-02 1.85087640e-02 9.08420160e-02 3.11374031e-02
  7.09968945e-03 8.50502774e-03 6.96929451e-03 9.92394518e-03
  1.65364798e-02 1.54347569e-02 1.91709807e-03 3.67152924e-03
  9.57573298e-03 8.69569834e-03]
 [1.09855425e-09 4.44939985e-07 5.13216669e-08 1.05626832e-08
  4.18523705e-09 1.77579071e-08 2.97411944e-08 8.70905552e-08
  1.28165493e-06 4.12245136e-08 8.91633704e-07 3.01195996e-06
  8.76757298e-08 7.23631066e-09 1.71600434e-03 2.24065207e-06
  8.87734629e-03 6.31840155e-02 1.22165665e-01 2.51131263e-02
  6.90180715e-03 9.93911829e-03 3.74738015e-02 5.79714868e-03
  4.28253273e-03 5.86363580e-03 6.06352575e-02 6.27360418e-02
  4.11187820e-02 3.34342755e-02 5.98415732e-02 2.85609215e-02
  4.72400412e-02 1.19108232e-02 8.60846695e-03 6.74047396e-02
  5.36122806e-02 1.81043558e-02 9.38016698e-02 3.03039122e-02
  7.07684550e-03 8.98403767e-03 7.27716368e-03 1.04421955e-02
  1.70814265e-02 1.64092928e-02 1.95442233e-03 3.78647563e-03
  9.49705113e-03 8.85563716e-03]
 [1.08913989e-09 3.72391554e-07 4.52697613e-08 1.14559704e-08
  4.35055991e-09 1.38503884e-08 2.48828353e-08 8.91025707e-08
  1.11311795e-06 4.55163907e-08 1.02906051e-06 3.02210310e-06
  9.05523478e-08 7.98924660e-09 1.72712898e-03 2.33915625e-06
  8.39576498e-03 6.20851070e-02 1.21466227e-01 2.56756693e-02
  6.99550938e-03 9.70962737e-03 3.67032215e-02 5.69811324e-03
  4.23515635e-03 5.68127306e-03 5.97108118e-02 6.18556738e-02
  4.12040912e-02 3.32682878e-02 5.92069961e-02 2.85194218e-02
  4.68645170e-02 1.17784282e-02 8.59565102e-03 6.85216859e-02
  5.38560189e-02 1.81556772e-02 9.59168449e-02 2.99951211e-02
  7.14976527e-03 9.29224957e-03 7.51293870e-03 1.07872859e-02
  1.75019559e-02 1.71935484e-02 2.03735847e-03 3.91679909e-03
  9.65369772e-03 9.12416913e-03]
 [1.23847888e-09 3.72199963e-07 4.45962520e-08 1.27108883e-08
  4.22400603e-09 1.15870460e-08 2.36717721e-08 8.98512127e-08
  9.82226993e-07 5.23981569e-08 1.18413345e-06 3.42301996e-06
  1.12534131e-07 8.87747387e-09 1.81366736e-03 2.46915602e-06
  8.23886134e-03 6.15875237e-02 1.21535212e-01 2.61983946e-02
  7.09679350e-03 9.57714021e-03 3.61156017e-02 5.64298453e-03
  4.23407136e-03 5.55573963e-03 5.90404011e-02 6.12462834e-02
  4.15568762e-02 3.31724323e-02 5.88047840e-02 2.85180975e-02
  4.66144681e-02 1.16802333e-02 8.58256128e-03 6.92451745e-02
  5.39081916e-02 1.81324966e-02 9.69723910e-02 2.95604989e-02
  7.18280440e-03 9.39902570e-03 7.63008883e-03 1.09165143e-02
  1.76539887e-02 1.76219642e-02 2.09338963e-03 3.99688538e-03
  9.65171680e-03 9.21396259e-03]
 [1.19069821e-09 3.39748425e-07 4.10220089e-08 1.30317774e-08
  4.23598223e-09 1.00225215e-08 2.18541523e-08 9.05836330e-08
  8.79438630e-07 5.49202746e-08 1.26999703e-06 3.37494839e-06
  1.13772820e-07 9.33854327e-09 1.74917630e-03 2.59157218e-06
  8.04337673e-03 6.12451658e-02 1.21482931e-01 2.64915153e-02
  7.11070374e-03 9.42684337e-03 3.52468342e-02 5.61547372e-03
  4.17814264e-03 5.44692809e-03 5.83501607e-02 6.06051087e-02
  4.17139828e-02 3.32140513e-02 5.86515367e-02 2.86776144e-02
  4.65908200e-02 1.16134370e-02 8.61535687e-03 6.97728246e-02
  5.40802740e-02 1.82459410e-02 9.74753872e-02 2.94291060e-02
  7.26036448e-03 9.51556303e-03 7.74648599e-03 1.10659730e-02
  1.78454854e-02 1.80478916e-02 2.17063585e-03 4.10130247e-03
  9.77541972e-03 9.38935764e-03]
 [1.27122335e-09 3.42331674e-07 4.10011118e-08 1.40152654e-08
  4.12017798e-09 8.99756269e-09 2.19395737e-08 9.03886601e-08
  8.09161236e-07 5.97657746e-08 1.36096082e-06 3.56914848e-06
  1.30693522e-07 9.96106575e-09 1.75358681e-03 2.70103942e-06
  7.93517195e-03 6.09780997e-02 1.21589169e-01 2.67869644e-02
  7.13281240e-03 9.32095945e-03 3.45742479e-02 5.58841508e-03
  4.16401587e-03 5.36898291e-03 5.77798337e-02 6.00583740e-02
  4.20210138e-02 3.32898945e-02 5.85692972e-02 2.88942289e-02
  4.66626137e-02 1.15749594e-02 8.65446217e-03 7.02865720e-02
  5.41725494e-02 1.83174685e-02 9.76015776e-02 2.93070991e-02
  7.31496839e-03 9.54328384e-03 7.79364817e-03 1.11300116e-02
  1.78904515e-02 1.82856675e-02 2.22071726e-03 4.16800287e-03
  9.78806149e-03 9.47358739e-03]
 [1.24079214e-09 3.28159359e-07 3.95771345e-08 1.45597543e-08
  4.21990265e-09 8.47620374e-09 2.17349303e-08 9.33427415e-08
  7.66931350e-07 6.29348875e-08 1.42787303e-06 3.49947527e-06
  1.31469378e-07 1.04605888e-08 1.67299120e-03 2.84417706e-06
  7.80857541e-03 6.08960092e-02 1.21476211e-01 2.69135218e-02
  7.10122380e-03 9.21291579e-03 3.37094106e-02 5.57033392e-03
  4.12285142e-03 5.31470450e-03 5.72022498e-02 5.95150888e-02
  4.21600789e-02 3.34864073e-02 5.86475134e-02 2.92398855e-02
  4.68766429e-02 1.15523292e-02 8.72122031e-03 7.05913752e-02
  5.43043166e-02 1.84715502e-02 9.74144265e-02 2.93886680e-02
  7.40079163e-03 9.60014760e-03 7.84223340e-03 1.12224352e-02
  1.79611649e-02 1.85376387e-02 2.28664791e-03 4.24972270e-03
  9.89518221e-03 9.62430611e-03]
 [1.29818978e-09 3.37519225e-07 4.07547951e-08 1.58287072e-08
  4.20094715e-09 8.01366173e-09 2.28237251e-08 9.43480885e-08
  7.30672355e-07 6.73323015e-08 1.48838399e-06 3.59219712e-06
  1.45265759e-07 1.10104148e-08 1.65126706e-03 2.94635674e-06
  7.70441210e-03 6.06644563e-02 1.21374451e-01 2.70661376e-02
  7.07714027e-03 9.11717117e-03 3.30370627e-02 5.54754958e-03
  4.10692766e-03 5.26704406e-03 5.66779263e-02 5.90141788e-02
  4.23851199e-02 3.36579904e-02 5.87163046e-02 2.95805261e-02
  4.71217819e-02 1.15489224e-02 8.78959429e-03 7.09668249e-02
  5.44219650e-02 1.86012182e-02 9.72026810e-02 2.94835009e-02
  7.47492118e-03 9.61596053e-03 7.85986055e-03 1.12794070e-02
  1.79631710e-02 1.87087283e-02 2.33418588e-03 4.31011897e-03
  9.93510801e-03 9.72690713e-03]
 [1.28285149e-09 3.34351483e-07 4.04934113e-08 1.66915584e-08
  4.38287895e-09 7.91512900e-09 2.34800854e-08 9.89999478e-08
  7.15698661e-07 7.13714172e-08 1.55078783e-06 3.53560563e-06
  1.46353898e-07 1.15395755e-08 1.57348276e-03 3.11136569e-06
  7.60560529e-03 6.06681705e-02 1.21075630e-01 2.70876791e-02
  7.02519808e-03 9.03887581e-03 3.22085209e-02 5.53146424e-03
  4.07745596e-03 5.24591282e-03 5.61671369e-02 5.85375167e-02
  4.24905196e-02 3.39350216e-02 5.88977449e-02 3.00199222e-02
  4.74467389e-02 1.15511231e-02 8.87534488e-03 7.11488724e-02
  5.45446537e-02 1.87807400e-02 9.67520252e-02 2.96899360e-02
  7.57408189e-03 9.65966284e-03 7.88130611e-03 1.13560911e-02
  1.79816522e-02 1.88683458e-02 2.39478191e-03 4.38039377e-03
  1.00438232e-02 9.87489056e-03]
 [1.34168499e-09 3.49249063e-07 4.23063007e-08 1.82834512e-08
  4.43152093e-09 7.70745956e-09 2.52509000e-08 1.01235727e-07
  6.96857057e-07 7.60783152e-08 1.60219895e-06 3.59667524e-06
  1.58962962e-07 1.20719292e-08 1.54777116e-03 3.21557900e-06
  7.50880782e-03 6.04549460e-02 1.20852195e-01 2.71833017e-02
  6.98447274e-03 8.95674061e-03 3.15908827e-02 5.51120332e-03
  4.06286959e-03 5.21289185e-03 5.56619018e-02 5.80694675e-02
  4.26544249e-02 3.41317765e-02 5.90049140e-02 3.03952359e-02
  4.77464646e-02 1.15658017e-02 8.95508751e-03 7.14370906e-02
  5.46732955e-02 1.89341623e-02 9.64185968e-02 2.98837330e-02
  7.66166812e-03 9.67911631e-03 7.89181143e-03 1.14163654e-02
  1.79732703e-02 1.90050397e-02 2.44140695e-03 4.43760911e-03
  1.00993551e-02 9.98642202e-03]
 [1.33017186e-09 3.49780152e-07 4.22702975e-08 1.92946477e-08
  4.63713601e-09 7.74283127e-09 2.63131383e-08 1.06505937e-07
  6.90435286e-07 8.05748925e-08 1.65952520e-06 3.53954761e-06
  1.59843950e-07 1.25831594e-08 1.47245254e-03 3.39398184e-06
  7.43029499e-03 6.04843162e-02 1.20380260e-01 2.71563381e-02
  6.92397729e-03 8.89529008e-03 3.08088958e-02 5.49519714e-03
  4.03813273e-03 5.20660542e-03 5.52003644e-02 5.76417595e-02
  4.27375026e-02 3.44282016e-02 5.92018664e-02 3.08527052e-02
  4.80887480e-02 1.15777012e-02 9.04732663e-03 7.15788156e-02
  5.48045486e-02 1.91284008e-02 9.58969221e-02 3.01481504e-02
  7.77304173e-03 9.72894020e-03 7.91137945e-03 1.14959702e-02
  1.79857910e-02 1.91133395e-02 2.49995221e-03 4.50404407e-03
  1.02141192e-02 1.01385517e-02]
 [1.39269174e-09 3.66534778e-07 4.42022632e-08 2.11123403e-08
  4.70997819e-09 7.63192087e-09 2.85037949e-08 1.09256106e-07
  6.78537617e-07 8.56464979e-08 1.70747114e-06 3.58653847e-06
  1.72233484e-07 1.31135636e-08 1.44659146e-03 3.50411483e-06
  7.34587898e-03 6.02841601e-02 1.20020017e-01 2.72259973e-02
  6.87703863e-03 8.82160664e-03 3.02340202e-02 5.47428709e-03
  4.02391981e-03 5.18101873e-03 5.47264852e-02 5.72118647e-02
  4.28664275e-02 3.46208252e-02 5.92964180e-02 3.12203299e-02
  4.83801737e-02 1.15985805e-02 9.12973098e-03 7.18461722e-02
  5.49506880e-02 1.92945283e-02 9.55579802e-02 3.03887036e-02
  7.87201617e-03 9.75861866e-03 7.92589225e-03 1.15640881e-02
  1.79845281e-02 1.92214511e-02 2.54549226e-03 4.56002960e-03
  1.02781253e-02 1.02559915e-02]
 [1.38057787e-09 3.66895136e-07 4.39724630e-08 2.21553655e-08
  4.91180874e-09 7.69644259e-09 2.97336307e-08 1.14642155e-07
  6.73842067e-07 9.04254875e-08 1.76161723e-06 3.52457710e-06
  1.72796547e-07 1.36122420e-08 1.37456844e-03 3.69370059e-06
  7.28580728e-03 6.03316873e-02 1.19398214e-01 2.71796472e-02
  6.81254175e-03 8.76894686e-03 2.94907410e-02 5.45713259e-03
  4.00015153e-03 5.18195936e-03 5.43147065e-02 5.68266772e-02
  4.29361202e-02 3.49093489e-02 5.94688840e-02 3.16591971e-02
  4.86929566e-02 1.16117001e-02 9.22298711e-03 7.19904378e-02
  5.50955869e-02 1.95004437e-02 9.50431451e-02 3.06798499e-02
  7.99393468e-03 9.81963053e-03 7.95210712e-03 1.16510671e-02
  1.80065203e-02 1.92910042e-02 2.60276464e-03 4.62523988e-03
  1.03990696e-02 1.04146823e-02]]
