44520173-Q7203795	[[1.81263551e-01 2.15696409e-01 2.19368711e-01 1.62761956e-01
  3.44153978e-02 3.50513458e-02 2.61627100e-02 2.59562768e-02
  1.45403473e-02 1.03887022e-02 8.45981017e-03 7.88461696e-03
  7.64963124e-03 7.48504465e-03 7.35656265e-03 7.25558959e-03
  7.17371469e-03 7.10403267e-03 7.04172859e-03 6.98374724e-03]
 [2.43094623e-01 2.27452487e-01 1.77723661e-01 1.43791348e-01
  6.22517131e-02 4.34455276e-02 2.54131015e-02 1.71994884e-02
  8.00421555e-03 5.05159283e-03 3.93503346e-03 3.87030956e-03
  4.15249728e-03 4.47915401e-03 4.74581961e-03 4.93214838e-03
  5.04906522e-03 5.11456979e-03 5.14424685e-03 5.14939707e-03]
 [2.49245510e-01 2.88886547e-01 2.12672725e-01 1.42164409e-01
  5.32610752e-02 2.09767558e-02 1.72021054e-02 7.63431890e-03
  2.70067039e-03 1.17623818e-03 6.43711712e-04 4.61186748e-04
  4.00705263e-04 3.80290061e-04 3.72729264e-04 3.69231158e-04
  3.66817461e-04 3.64444131e-04 3.61766637e-04 3.58699850e-04]
 [3.36398393e-01 2.62070030e-01 2.01563120e-01 1.75440818e-01
  1.49373291e-02 5.32535743e-03 2.98289908e-03 6.22368418e-04
  1.88344609e-04 8.56131446e-05 4.97344736e-05 3.89971101e-05
  3.67051034e-05 3.68079200e-05 3.72653558e-05 3.75258351e-05
  3.75303134e-05 3.73470721e-05 3.70498310e-05 3.66900931e-05]
 [1.51866406e-01 2.04551965e-01 2.13585585e-01 1.91050828e-01
  1.30816877e-01 7.61363655e-02 1.93203297e-02 3.49509646e-03
  1.31915393e-03 9.01735155e-04 7.26850179e-04 6.78890385e-04
  6.75709220e-04 6.83823600e-04 6.92234724e-04 6.98039017e-04
  7.00958830e-04 7.01470068e-04 7.00152130e-04 6.97497977e-04]
 [2.29745954e-01 2.59821475e-01 1.56859502e-01 1.26476243e-01
  1.17452927e-01 9.25728604e-02 1.16844028e-02 2.56247306e-03
  7.63788819e-04 3.95528419e-04 2.48143682e-04 1.93621323e-04
  1.72171378e-04 1.62098760e-04 1.56230497e-04 1.52149005e-04
  1.48931955e-04 1.46189705e-04 1.43742931e-04 1.41501121e-04]
 [2.47246236e-01 1.94638371e-01 1.49180532e-01 1.83762923e-01
  1.74339786e-01 3.60116884e-02 6.05345564e-03 1.53475709e-03
  7.33222289e-04 6.32852491e-04 6.07680355e-04 6.12192962e-04
  6.12064032e-04 6.05777546e-04 5.96835627e-04 5.86850510e-04
  5.76496590e-04 5.66143310e-04 5.55977575e-04 5.46098221e-04]
 [1.71487436e-01 2.09612370e-01 2.13196263e-01 2.42297530e-01
  1.11119077e-01 3.09445355e-02 1.26567930e-02 3.81246768e-03
  1.38589635e-03 7.59365445e-04 4.81648778e-04 3.55822936e-04
  2.94396072e-04 2.60638364e-04 2.40914087e-04 2.29192636e-04
  2.22067814e-04 2.17503970e-04 2.14318192e-04 2.11853738e-04]
 [2.80019283e-01 1.97235867e-01 1.34707347e-01 1.80933997e-01
  1.37724981e-01 3.57288718e-02 1.62452552e-02 5.66866435e-03
  2.65619904e-03 1.61078270e-03 1.06585911e-03 8.41506699e-04
  7.56398891e-04 7.19612057e-04 7.00118951e-04 6.88442087e-04
  6.80922240e-04 6.75706775e-04 6.71743415e-04 6.68431283e-04]
 [2.10488096e-01 1.20595738e-01 1.46084577e-01 1.74735770e-01
  9.56930295e-02 8.62130821e-02 5.17632999e-02 3.18924636e-02
  1.85372159e-02 1.12845590e-02 7.36526307e-03 5.81750926e-03
  5.27551631e-03 5.06734755e-03 4.96662501e-03 4.90759173e-03
  4.86818841e-03 4.83868923e-03 4.81402082e-03 4.79140040e-03]
 [2.55717963e-01 1.63024426e-01 2.20913157e-01 2.21801698e-01
  3.72488685e-02 2.52750870e-02 1.53489942e-02 1.31155998e-02
  9.02085472e-03 6.16245251e-03 4.34127217e-03 3.55837797e-03
  3.27015831e-03 3.15251853e-03 3.08976136e-03 3.04812589e-03
  3.01632541e-03 2.98934639e-03 2.96454318e-03 2.94049131e-03]
 [2.79092491e-01 1.96481839e-01 2.17471525e-01 2.25911841e-01
  3.97644229e-02 1.08863236e-02 5.86310774e-03 5.42885577e-03
  3.64546664e-03 2.45832675e-03 1.73851207e-03 1.43085571e-03
  1.31737930e-03 1.27057626e-03 1.24476000e-03 1.22660468e-03
  1.21172308e-03 1.19821902e-03 1.18512870e-03 1.17196515e-03]
 [2.84105659e-01 2.22917303e-01 2.25280613e-01 2.24655837e-01
  3.07714250e-02 5.19098993e-03 1.96464569e-03 1.38257304e-03
  8.01709888e-04 5.01655100e-04 3.42741609e-04 2.76300067e-04
  2.50486803e-04 2.38587585e-04 2.31298400e-04 2.25871976e-04
  2.21366485e-04 2.17356544e-04 2.13614738e-04 2.10014943e-04]
 [3.02809268e-01 2.13648900e-01 2.15245306e-01 2.30247870e-01
  2.86894720e-02 4.88047954e-03 1.50206394e-03 9.39576828e-04
  4.98526730e-04 2.90573109e-04 1.88776292e-04 1.46681326e-04
  1.29732958e-04 1.21693520e-04 1.16888405e-04 1.13496033e-04
  1.10830901e-04 1.08573746e-04 1.06555664e-04 1.04683648e-04]
 [3.02775741e-01 2.15901807e-01 2.24087775e-01 2.18051463e-01
  2.73621306e-02 7.80116906e-03 1.51155167e-03 9.10912699e-04
  4.57256625e-04 2.47631688e-04 1.48830819e-04 1.08508168e-04
  9.21426035e-05 8.46617986e-05 8.06736862e-05 7.82456991e-05
  7.65835139e-05 7.53180866e-05 7.42653938e-05 7.33304769e-05]
 [3.08191955e-01 2.23198354e-01 2.27104947e-01 2.12706417e-01
  1.99681483e-02 6.18497049e-03 1.00863096e-03 6.17444632e-04
  3.06525122e-04 1.62722165e-04 9.54508723e-05 6.80645098e-05
  5.68783216e-05 5.17421468e-05 4.90258681e-05 4.74089575e-05
  4.63418764e-05 4.55683185e-05 4.49591607e-05 4.44465586e-05]
 [3.07315409e-01 2.37305149e-01 2.36318916e-01 1.97083011e-01
  1.41316894e-02 5.95835503e-03 7.52101070e-04 4.35141148e-04
  2.22238596e-04 1.16857758e-04 6.62792227e-05 4.55279405e-05
  3.70467278e-05 3.32102754e-05 3.12844495e-05 3.02564749e-05
  2.96944145e-05 2.93905614e-05 2.92364748e-05 2.91717733e-05]
 [3.06761801e-01 2.58120209e-01 2.57755876e-01 1.63126111e-01
  8.26407596e-03 4.45135264e-03 5.69482974e-04 3.82006983e-04
  2.06885656e-04 1.04174083e-04 5.47353957e-05 3.48854956e-05
  2.68375534e-05 2.31463619e-05 2.12439645e-05 2.01946441e-05
  1.96018646e-05 1.92742573e-05 1.91105719e-05 1.90533374e-05]
 [3.09011489e-01 2.68179983e-01 2.65014201e-01 1.45867065e-01
  6.04136707e-03 3.65685928e-03 7.19570962e-04 5.91207587e-04
  3.40356375e-04 1.72362110e-04 8.95762278e-05 5.61751913e-05
  4.25787621e-05 3.62750325e-05 3.29625254e-05 3.10810756e-05
  2.99720468e-05 2.93182020e-05 2.89507516e-05 2.87728344e-05]
 [3.13642174e-01 2.69574314e-01 2.61012882e-01 1.45381123e-01
  6.25998247e-03 1.71115366e-03 7.44834659e-04 6.57688943e-04
  3.83999926e-04 1.93478409e-04 9.97301249e-05 6.19860002e-05
  4.65736157e-05 3.93340197e-05 3.54318763e-05 3.31228512e-05
  3.16731202e-05 3.07300725e-05 3.01060809e-05 2.96934231e-05]]
44520173-Q7203796	[[0.09107631 0.1258629  0.06966364 0.08163259 0.07408769 0.15735333
  0.08514009 0.1367307  0.017992   0.02801973 0.01277069 0.01751694
  0.01289254 0.01423529 0.01305394 0.01313687 0.01269886 0.01238946
  0.01204221 0.01170421]
 [0.03984573 0.04056268 0.04433104 0.0741849  0.20371947 0.10261855
  0.19271906 0.05907257 0.07611065 0.01739952 0.03265239 0.01545885
  0.01932548 0.01356236 0.0141606  0.01219465 0.01167645 0.01075324
  0.01011975 0.00953215]
 [0.05408554 0.11376238 0.04539543 0.08430758 0.12214141 0.15499885
  0.10102816 0.04878564 0.02998749 0.01993967 0.02901604 0.02195616
  0.02698561 0.02228258 0.02354032 0.02167028 0.02128413 0.02029306
  0.01959455 0.01894516]
 [0.03561424 0.03590281 0.01737337 0.03100952 0.16662219 0.19401689
  0.15359613 0.09540854 0.05936227 0.03230347 0.03255142 0.0215589
  0.02358318 0.01776664 0.01756403 0.01519321 0.01422439 0.01298606
  0.01207899 0.0112838 ]
 [0.01454454 0.01874948 0.00453294 0.02432612 0.03712279 0.04101177
  0.04960646 0.01417146 0.0167224  0.00954888 0.01833357 0.01796167
  0.03069878 0.03710362 0.05485445 0.07114806 0.09452914 0.1192927
  0.14761938 0.17812178]
 [0.02490675 0.01533164 0.01813772 0.02694432 0.11570646 0.22212729
  0.16629039 0.12867889 0.0661003  0.03463678 0.02591789 0.01720879
  0.01795532 0.01582746 0.01666382 0.01633575 0.01689591 0.01731994
  0.01806954 0.018945  ]
 [0.10338248 0.07076231 0.04156434 0.07239313 0.15477304 0.11274033
  0.12318895 0.03803016 0.05468683 0.01967973 0.03140773 0.01684344
  0.02148841 0.01807558 0.0200403  0.01950019 0.02011233 0.02021841
  0.02046394 0.02064834]
 [0.09364624 0.06891242 0.03608052 0.08759338 0.08884582 0.06932671
  0.12033481 0.0252633  0.04883838 0.01654821 0.03098247 0.01896769
  0.02509213 0.02467945 0.02913448 0.03295065 0.0377958  0.04308626
  0.04833353 0.05358781]
 [0.09218246 0.04943271 0.08751538 0.09426564 0.06398487 0.03031972
  0.06388839 0.01958826 0.05599966 0.01684344 0.04690331 0.02706054
  0.03746457 0.03423455 0.03872682 0.04111763 0.04473959 0.04846315
  0.0519536  0.05531573]
 [0.07866587 0.1448276  0.21217865 0.30549654 0.02473473 0.02083581
  0.02628421 0.02191629 0.02461982 0.00821542 0.01629596 0.00889262
  0.0118678  0.0102725  0.01198714 0.01233963 0.01358023 0.01453838
  0.01567496 0.01677586]
 [0.10073201 0.11145693 0.13906561 0.15099984 0.02036732 0.02894368
  0.03393428 0.03675838 0.05433627 0.02103248 0.0346242  0.01937313
  0.0255846  0.0230114  0.0275821  0.02884978 0.03211893 0.03444137
  0.0371429  0.03964484]
 [0.10496583 0.08120398 0.10228968 0.12055743 0.0341907  0.04755494
  0.04891723 0.05224783 0.07549407 0.03185326 0.04183767 0.02384544
  0.02822955 0.02486261 0.02797097 0.02808068 0.0298627  0.030792
  0.03206062 0.03318277]
 [0.11304405 0.07809813 0.08975498 0.13701484 0.04263857 0.05330647
  0.04561321 0.05504978 0.06632988 0.03597101 0.03991829 0.02583869
  0.02768244 0.02505116 0.02673334 0.02645322 0.02729151 0.02754701
  0.02809401 0.02856941]
 [0.12772068 0.0930952  0.09222937 0.18330243 0.04103627 0.05690876
  0.03547648 0.05928474 0.04137651 0.03427234 0.02825737 0.02416563
  0.02217527 0.02234132 0.02242689 0.02268912 0.0229609  0.02312902
  0.0234261  0.02372554]
 [0.13290624 0.09947596 0.07606551 0.20655727 0.03796988 0.06542598
  0.0292688  0.06802108 0.03048568 0.0384635  0.02379993 0.02612364
  0.02036115 0.02231476 0.02071714 0.02102108 0.0205164  0.02030592
  0.0201402  0.02005985]
 [0.12620081 0.10443196 0.05729835 0.23027058 0.03821982 0.08337161
  0.03147481 0.06665537 0.0268325  0.0410434  0.02223508 0.026776
  0.019104   0.02137304 0.01879815 0.01873262 0.01765228 0.01703108
  0.0164642  0.01603428]
 [0.11556774 0.09214922 0.04015401 0.19128536 0.03246173 0.07978383
  0.02885847 0.06038628 0.03140782 0.05887514 0.02995668 0.03784074
  0.02628942 0.03007333 0.02618216 0.02615366 0.02448825 0.02353071
  0.0226279  0.02192749]
 [0.11242472 0.07733382 0.02848118 0.15781613 0.0310788  0.07763277
  0.02656709 0.0565581  0.03552088 0.07412405 0.03474809 0.04457718
  0.03066403 0.03577157 0.03134267 0.03166528 0.02984055 0.02885559
  0.02787964 0.02711788]
 [0.10719029 0.07108814 0.02446313 0.14608063 0.03312106 0.08349913
  0.02792753 0.05955775 0.03709171 0.07830863 0.0344434  0.04478964
  0.03076888 0.03648777 0.03224468 0.03291744 0.03124841 0.03040941
  0.02952781 0.02883453]
 [0.09973393 0.06864356 0.02313988 0.13599151 0.03516241 0.08636283
  0.02883948 0.0609937  0.03667866 0.07673346 0.03416918 0.04556322
  0.03167882 0.03812903 0.03396349 0.03497004 0.0334082  0.03269562
  0.03189078 0.03125216]]
44520173-Q7203797	[[9.13682058e-02 1.15776047e-01 1.25706241e-01 8.51632059e-02
  1.30511284e-01 1.04603708e-01 1.20362148e-01 1.33147433e-01
  4.81224768e-02 1.42632248e-02 6.28742529e-03 4.04532673e-03
  3.27646430e-03 2.91631068e-03 2.69007776e-03 2.52964208e-03
  2.41303444e-03 2.32793042e-03 2.26646638e-03 2.22330634e-03]
 [2.26372238e-02 2.59700473e-02 3.43070850e-02 4.63901050e-02
  1.47320375e-01 2.09893048e-01 1.64326057e-01 1.82184488e-01
  6.85639083e-02 2.79907174e-02 1.26177277e-02 8.30907002e-03
  6.81773899e-03 6.18117163e-03 5.97104616e-03 5.97360497e-03
  6.04818808e-03 6.12263056e-03 6.17404608e-03 6.20171661e-03]
 [7.09966570e-02 7.11997747e-02 3.65440361e-02 8.20499286e-02
  9.36355963e-02 1.76273156e-02 1.37139335e-02 1.19473469e-02
  1.09007247e-02 1.25686638e-02 1.79028399e-02 3.04912832e-02
  4.97405753e-02 6.42924681e-02 7.14076534e-02 7.35397935e-02
  7.25423396e-02 6.98258132e-02 6.63559958e-02 6.27173036e-02]
 [1.45243824e-01 1.55817360e-01 1.33731842e-01 2.39083141e-01
  1.87582090e-01 6.00777976e-02 2.69889813e-02 1.39641603e-02
  4.90392465e-03 3.00921220e-03 2.57753395e-03 3.22762085e-03
  3.71983275e-03 3.69825400e-03 3.42072872e-03 3.09996260e-03
  2.80625070e-03 2.55376357e-03 2.33889720e-03 2.15483061e-03]
 [3.26039821e-01 2.44386286e-01 1.43520236e-01 2.43211165e-01
  2.20989026e-02 4.17846628e-03 1.89959456e-03 2.14788620e-03
  5.67800878e-03 2.44793040e-03 8.95811594e-04 6.67685817e-04
  5.66779461e-04 4.61237301e-04 3.90057423e-04 3.43785185e-04
  3.08678689e-04 2.78488587e-04 2.51571531e-04 2.27642726e-04]
 [2.75960356e-01 3.77793521e-01 2.04143032e-01 1.28697664e-01
  2.73698126e-03 1.18986820e-04 9.34243726e-05 6.15324170e-05
  3.67554225e-04 9.13778727e-04 1.28155621e-03 1.74868538e-03
  1.84077164e-03 1.31900609e-03 8.76714010e-04 6.17807615e-04
  4.67722362e-04 3.74841999e-04 3.13887431e-04 2.72154517e-04]
 [4.61317301e-02 1.15344048e-01 8.99968576e-03 1.26516577e-02
  5.84483407e-02 5.29079298e-05 4.96652538e-05 2.40908048e-04
  3.45704588e-03 3.23339403e-02 9.32174474e-02 1.71270981e-01
  1.72079608e-01 1.06687672e-01 6.25659972e-02 3.98779064e-02
  2.76253745e-02 2.03847196e-02 1.58072971e-02 1.27730854e-02]
 [9.51888505e-04 5.85890329e-03 3.45924258e-04 1.20006059e-03
  1.08259926e-02 1.54289119e-05 6.84692941e-06 4.31245280e-05
  1.06292008e-03 1.73050091e-02 5.86735941e-02 1.01301007e-01
  1.17967941e-01 1.14308409e-01 1.10005625e-01 1.05951764e-01
  1.00147888e-01 9.26497728e-02 8.45630914e-02 7.68147781e-02]
 [5.06593613e-04 2.40717805e-03 1.75842550e-04 6.83930819e-04
  3.99285881e-03 2.99122803e-06 1.69499924e-06 8.12846520e-06
  2.01365634e-04 5.57857519e-03 3.89697887e-02 1.02728508e-01
  1.36547729e-01 1.30953744e-01 1.20105967e-01 1.10509142e-01
  1.00926377e-01 9.10961255e-02 8.16138089e-02 7.29896724e-02]
 [2.04496598e-03 1.26562091e-02 8.54246435e-04 2.94838427e-03
  3.38991806e-02 1.70269959e-05 1.25515207e-05 5.93395016e-05
  1.20319601e-03 2.36803610e-02 9.03588235e-02 1.68263540e-01
  1.72221720e-01 1.31110623e-01 9.75185931e-02 7.56302923e-02
  6.07026294e-02 4.98215370e-02 4.16287109e-02 3.53681333e-02]
 [3.36476747e-04 1.61471113e-03 1.14120725e-04 3.31263465e-04
  2.47797952e-03 1.26060002e-06 9.26880034e-07 4.97425253e-06
  1.35414084e-04 4.74719657e-03 3.15644369e-02 8.24694857e-02
  1.14491597e-01 1.18551083e-01 1.18033774e-01 1.16685905e-01
  1.12852946e-01 1.06457122e-01 9.86365303e-02 9.04927775e-02]
 [5.94156981e-03 3.79933268e-02 2.61204201e-03 7.05946004e-03
  9.03816894e-02 8.04631418e-05 4.84298980e-05 2.41584159e-04
  4.64248564e-03 5.68887554e-02 1.19504564e-01 1.44743025e-01
  1.28258228e-01 9.79492888e-02 7.61420056e-02 6.18769340e-02
  5.16954958e-02 4.38267440e-02 3.75659131e-02 3.25480029e-02]
 [7.03607075e-05 3.30094772e-04 2.31429512e-05 7.40609394e-05
  6.64890860e-04 3.51208513e-07 3.60581026e-07 2.23313577e-06
  6.01718530e-05 2.40529445e-03 2.02345997e-02 5.91143779e-02
  9.09467861e-02 1.04272097e-01 1.14313394e-01 1.22618906e-01
  1.26402169e-01 1.25110462e-01 1.20148659e-01 1.13207564e-01]
 [1.13773448e-02 7.32675493e-02 5.13389939e-03 1.24447858e-02
  1.67089015e-01 1.80692907e-04 9.44508138e-05 4.28788713e-04
  7.60714756e-03 7.47987106e-02 1.31232336e-01 1.34534866e-01
  1.07343182e-01 7.52785057e-02 5.42698540e-02 4.15696874e-02
  3.32839377e-02 2.73951776e-02 2.30087675e-02 1.96613427e-02]
 [3.49885995e-05 1.72824075e-04 1.16464998e-05 3.38510436e-05
  2.42492126e-04 1.49868526e-07 1.84087583e-07 1.29855289e-06
  3.69389418e-05 1.63472455e-03 1.54982125e-02 4.79123369e-02
  7.78907165e-02 9.45766717e-02 1.09606504e-01 1.23382598e-01
  1.32305846e-01 1.35185555e-01 1.33228242e-01 1.28244266e-01]
 [1.03182597e-02 6.73713982e-02 4.87568555e-03 1.15702432e-02
  1.58654734e-01 2.14813714e-04 1.11328103e-04 5.35321597e-04
  8.84074625e-03 7.97159746e-02 1.34702563e-01 1.31890982e-01
  1.04169354e-01 7.44382963e-02 5.52978367e-02 4.36066426e-02
  3.57789844e-02 3.00424844e-02 2.56483667e-02 2.22159326e-02]
 [4.73076398e-05 2.46152282e-04 1.63313634e-05 4.63538818e-05
  3.20773193e-04 2.06732068e-07 2.61003549e-07 1.84026658e-06
  4.80729323e-05 1.81351067e-03 1.58425383e-02 4.67229709e-02
  7.47498423e-02 9.09989178e-02 1.06665708e-01 1.21817805e-01
  1.32570878e-01 1.37369484e-01 1.37142897e-01 1.33578151e-01]
 [1.03572803e-02 7.31012002e-02 5.25322836e-03 1.17978547e-02
  1.60345122e-01 2.29992249e-04 1.21881269e-04 5.78143168e-04
  9.37140919e-03 7.98194855e-02 1.33662045e-01 1.29135415e-01
  1.01419553e-01 7.25525469e-02 5.41917346e-02 4.30928953e-02
  3.57101001e-02 3.02964542e-02 2.61251647e-02 2.28384715e-02]
 [4.64520053e-05 2.42824477e-04 1.61403477e-05 4.59722505e-05
  3.29727365e-04 2.38596414e-07 3.05951033e-07 2.19453136e-06
  5.43003334e-05 1.84059807e-03 1.52988750e-02 4.39477637e-02
  7.01015219e-02 8.65225568e-02 1.03560217e-01 1.20760910e-01
  1.33833662e-01 1.40817702e-01 1.42395452e-01 1.40182585e-01]
 [1.04143955e-02 7.86415339e-02 5.56563912e-03 1.20241605e-02
  1.62753597e-01 2.51637277e-04 1.34847389e-04 6.29631279e-04
  1.00907376e-02 8.14861432e-02 1.34242028e-01 1.27997264e-01
  9.95341018e-02 7.05696568e-02 5.23656942e-02 4.15512808e-02
  3.44942324e-02 2.93875225e-02 2.54745483e-02 2.23913938e-02]]
44520173-Q7203799	[[1.19886734e-01 1.71694994e-01 1.27767414e-01 9.51860622e-02
  8.08589458e-02 1.16660371e-01 1.23700202e-01 6.62717894e-02
  4.61677648e-02 2.02276036e-02 8.83482210e-03 4.53397725e-03
  3.26226815e-03 2.66066287e-03 2.35760445e-03 2.17404496e-03
  2.05161353e-03 1.96299329e-03 1.89581700e-03 1.84433849e-03]
 [1.07692145e-01 1.03501849e-01 2.28519127e-01 1.92087293e-01
  8.39134082e-02 1.10369578e-01 9.53539908e-02 5.29555008e-02
  1.40964547e-02 4.41448390e-03 1.71424798e-03 7.43341574e-04
  6.36300538e-04 5.90783369e-04 5.88231254e-04 5.77150960e-04
  5.66651637e-04 5.59903099e-04 5.58260072e-04 5.61271678e-04]
 [1.30433813e-01 2.04414487e-01 2.07567692e-01 2.15814710e-01
  4.76520620e-02 5.47547229e-02 7.45420009e-02 3.96770723e-02
  1.62430536e-02 5.83445095e-03 1.61203311e-03 4.62166325e-04
  2.26667413e-04 1.48198946e-04 1.17140189e-04 1.03015060e-04
  9.82959755e-05 9.80229088e-05 9.93640278e-05 1.00993486e-04]
 [2.25036040e-01 2.01271296e-01 2.62090445e-01 1.87009126e-01
  1.95262656e-02 3.22203189e-02 3.19144987e-02 2.69352440e-02
  6.28846698e-03 2.73358170e-03 7.96472130e-04 4.52552020e-04
  3.67626897e-04 3.70576105e-04 4.15259157e-04 4.53339278e-04
  4.86591685e-04 5.16762142e-04 5.44757815e-04 5.70787583e-04]
 [2.34248772e-01 1.20905548e-01 2.61425167e-01 1.86479464e-01
  6.94564432e-02 5.41489795e-02 3.75767872e-02 2.81661619e-02
  3.43306060e-03 1.39380223e-03 6.76078314e-04 2.58641405e-04
  2.19977097e-04 2.21158421e-04 2.31493905e-04 2.35270854e-04
  2.34531137e-04 2.32116756e-04 2.29381127e-04 2.27119279e-04]
 [2.58134991e-01 1.40997306e-01 2.70640403e-01 2.61679053e-01
  3.54390144e-02 2.32509319e-02 3.36742401e-03 2.09656288e-03
  1.01395196e-03 6.98624412e-04 3.62372404e-04 2.09102480e-04
  2.16524990e-04 2.41966787e-04 2.65092211e-04 2.76504521e-04
  2.80247739e-04 2.79748929e-04 2.77050131e-04 2.73124489e-04]
 [1.78407356e-01 9.37434509e-02 2.02229694e-01 4.17634487e-01
  7.34194964e-02 2.57524643e-02 5.19897742e-03 1.54930481e-03
  1.01297442e-03 3.56667646e-04 3.41537525e-04 1.06831547e-04
  6.53512907e-05 4.47615566e-05 3.25605361e-05 2.59041226e-05
  2.22274903e-05 2.00597333e-05 1.85672998e-05 1.74389061e-05]
 [2.24391535e-01 8.85868371e-02 2.69308954e-01 3.65875185e-01
  7.79464329e-03 2.04497389e-02 1.42799262e-02 6.25817105e-03
  2.17944430e-03 3.38385144e-04 1.78110975e-04 6.43412059e-05
  6.71785456e-05 6.18318591e-05 4.78582078e-05 3.56404416e-05
  2.72028101e-05 2.16820354e-05 1.79745439e-05 1.54203281e-05]
 [2.13957608e-01 8.14519599e-02 2.43287310e-01 2.38831490e-01
  5.18199913e-02 7.82988518e-02 3.23582068e-02 1.07755726e-02
  1.45564899e-02 4.67682816e-03 2.75099534e-03 2.13749683e-03
  2.39950791e-03 2.50374619e-03 2.84343539e-03 3.12382006e-03
  3.34017002e-03 3.50176869e-03 3.63472872e-03 3.75002855e-03]
 [6.83158934e-02 7.70561099e-02 9.02066901e-02 8.44583139e-02
  1.18067533e-01 2.95404553e-01 1.36179954e-01 4.11273390e-02
  4.07614224e-02 1.22857941e-02 5.51590743e-03 3.33078764e-03
  2.79974798e-03 2.47777579e-03 2.74817622e-03 3.14479414e-03
  3.54538183e-03 3.89765739e-03 4.20442456e-03 4.47176630e-03]
 [8.63517001e-02 1.01700522e-01 9.03907940e-02 5.74623160e-02
  8.05535913e-02 3.34508449e-01 1.28679872e-01 3.72459255e-02
  3.69104147e-02 9.78609733e-03 5.09139849e-03 3.59287951e-03
  3.34235001e-03 3.00298282e-03 3.12375906e-03 3.30470386e-03
  3.49342963e-03 3.66423558e-03 3.82316904e-03 3.97147657e-03]
 [1.33236736e-01 1.20031402e-01 1.14959240e-01 5.20932898e-02
  5.43995947e-02 2.97307372e-01 1.01300590e-01 4.04474959e-02
  5.05596660e-02 1.19116418e-02 6.52522314e-03 3.77961178e-03
  2.53293826e-03 1.88118115e-03 1.61531696e-03 1.51176681e-03
  1.47595850e-03 1.46773772e-03 1.47433835e-03 1.48891821e-03]
 [1.66060165e-01 1.21404998e-01 1.49095505e-01 6.19359016e-02
  3.67831066e-02 2.53945351e-01 8.86485875e-02 3.93123589e-02
  5.30864820e-02 1.10658268e-02 6.48529921e-03 3.34162079e-03
  1.86387205e-03 1.29326922e-03 1.05422072e-03 9.66637686e-04
  9.31794697e-04 9.15519777e-04 9.07242822e-04 9.02265543e-04]
 [1.62516579e-01 1.26241505e-01 1.67328730e-01 6.63391724e-02
  3.04951109e-02 2.58321404e-01 7.88005814e-02 3.55882533e-02
  5.03575802e-02 9.72309243e-03 6.01400528e-03 2.80907191e-03
  1.34764612e-03 8.64638831e-04 6.55846961e-04 5.73700236e-04
  5.34055289e-04 5.10553771e-04 4.94908250e-04 4.83597920e-04]
 [1.58032760e-01 1.29764706e-01 1.77460477e-01 6.76862001e-02
  2.76129171e-02 2.59341210e-01 7.41332695e-02 3.26491930e-02
  5.00584617e-02 9.52316262e-03 6.35803631e-03 2.90576252e-03
  1.31159520e-03 7.91940780e-04 5.55197534e-04 4.48929466e-04
  3.89255991e-04 3.50245507e-04 3.23089480e-04 3.03622597e-04]
 [1.57888502e-01 1.35726675e-01 1.84046268e-01 6.56756833e-02
  2.63107270e-02 2.52577692e-01 7.12969005e-02 3.10214888e-02
  5.00499979e-02 9.90530103e-03 7.34294858e-03 3.44513776e-03
  1.52638589e-03 8.95015197e-04 5.97450649e-04 4.55996953e-04
  3.74104740e-04 3.20698717e-04 2.84206530e-04 2.58727348e-04]
 [1.67203978e-01 1.44339368e-01 1.92967951e-01 5.98657280e-02
  2.50871573e-02 2.33356118e-01 6.71456456e-02 3.06210164e-02
  5.01663089e-02 1.08276336e-02 8.82847328e-03 4.42675315e-03
  1.92877685e-03 1.06110971e-03 6.50002563e-04 4.54851368e-04
  3.46478453e-04 2.79643777e-04 2.36168853e-04 2.06931596e-04]
 [1.69505805e-01 1.44307941e-01 1.85695738e-01 5.04140407e-02
  2.18188483e-02 2.40056217e-01 6.53923973e-02 3.29144672e-02
  5.51169217e-02 1.28516546e-02 1.07449293e-02 5.67085342e-03
  2.39979639e-03 1.20538846e-03 6.58529112e-04 4.13387665e-04
  2.89024494e-04 2.18820380e-04 1.76231610e-04 1.49002182e-04]
 [1.60936013e-01 1.34721234e-01 1.62727982e-01 3.77665907e-02
  1.66877005e-02 2.71989346e-01 6.78811222e-02 3.80107388e-02
  6.54697493e-02 1.62618626e-02 1.40681798e-02 7.33882561e-03
  3.02928430e-03 1.39656721e-03 6.76666386e-04 3.78579483e-04
  2.42668699e-04 1.73003791e-04 1.33771784e-04 1.10023393e-04]
 [1.56872883e-01 1.29224479e-01 1.48766860e-01 3.09180580e-02
  1.19016990e-02 2.83852130e-01 6.83223084e-02 4.17429619e-02
  7.54758194e-02 1.94822550e-02 1.73569974e-02 8.70614685e-03
  3.76859889e-03 1.72668893e-03 7.93351443e-04 4.17001429e-04
  2.54619983e-04 1.75743407e-04 1.33191585e-04 1.08269996e-04]]
44520173-Q13715201	[[9.90401283e-02 1.42767876e-01 8.69948938e-02 7.10094646e-02
  8.81834775e-02 6.47160262e-02 9.52553600e-02 1.17743433e-01
  1.21205986e-01 5.35391979e-02 2.70626582e-02 1.11806393e-02
  4.90305666e-03 3.16576520e-03 2.46299221e-03 2.27660988e-03
  2.19408982e-03 2.13964400e-03 2.09758221e-03 2.06106133e-03]
 [9.78912860e-02 1.43639967e-01 1.39762685e-01 1.15012452e-01
  7.14829043e-02 7.45271668e-02 9.53580067e-02 1.11741275e-01
  7.94912353e-02 3.33276801e-02 1.48710990e-02 5.01130288e-03
  3.02148284e-03 2.48848111e-03 2.22503603e-03 2.11208570e-03
  2.05606152e-03 2.01787776e-03 1.99165358e-03 1.97028974e-03]
 [1.20473407e-01 1.19457752e-01 1.91084743e-01 8.84236321e-02
  1.13829575e-01 7.79859945e-02 7.87802637e-02 9.31837484e-02
  5.98269328e-02 2.57665720e-02 6.78704353e-03 2.82401429e-03
  2.63466383e-03 2.82120123e-03 2.70308135e-03 2.66261585e-03
  2.66272901e-03 2.67625111e-03 2.69669970e-03 2.71902326e-03]
 [1.20391615e-01 9.20183137e-02 2.86455274e-01 1.90758295e-02
  5.43762371e-02 2.59719528e-02 6.84100837e-02 1.79631412e-01
  1.03611849e-01 4.28789221e-02 5.90882730e-03 9.30849987e-04
  1.61616466e-04 4.61423988e-05 2.67441665e-05 2.26926950e-05
  2.12372161e-05 2.05371871e-05 2.00984996e-05 1.97611407e-05]
 [1.57143250e-01 2.36517131e-01 2.31394589e-01 4.18309495e-02
  5.88886626e-02 3.94228213e-02 6.84063584e-02 9.46630538e-02
  4.49264087e-02 2.10350845e-02 4.38360544e-03 6.44594023e-04
  1.85766068e-04 9.66413572e-05 7.81493727e-05 7.38147064e-05
  7.47724698e-05 7.60091643e-05 7.80677365e-05 8.02569484e-05]
 [1.12582110e-01 1.02472961e-01 1.59804791e-01 4.68616486e-02
  1.23217642e-01 8.89365152e-02 1.38075709e-01 1.30876511e-01
  4.34166938e-02 4.21622135e-02 9.87759139e-03 1.14811549e-03
  1.70954212e-04 6.80640514e-05 5.47140044e-05 5.14537896e-05
  5.26808617e-05 5.42774796e-05 5.65315750e-05 5.88714720e-05]
 [1.03340037e-01 8.86681527e-02 1.07122682e-01 1.30913779e-01
  1.63618848e-01 1.25604883e-01 1.02773249e-01 7.69926384e-02
  3.52929719e-02 3.80679220e-02 2.14830972e-02 4.07249667e-03
  7.46085425e-04 2.90799275e-04 2.16611137e-04 1.79742114e-04
  1.66087077e-04 1.56004578e-04 1.49664513e-04 1.44182093e-04]
 [1.23993956e-01 8.36322904e-02 1.53338268e-01 8.96568969e-02
  1.91758603e-01 1.07151754e-01 7.16152191e-02 7.73811042e-02
  3.50737087e-02 3.36336456e-02 2.56112386e-02 5.02849231e-03
  7.05363054e-04 2.66859424e-04 1.94407461e-04 1.76226938e-04
  1.78561633e-04 1.87380807e-04 2.00476105e-04 2.15567285e-04]
 [1.45696551e-01 7.14166239e-02 1.73711002e-01 1.49603024e-01
  1.40345946e-01 1.20193668e-01 6.94843456e-02 6.29652664e-02
  3.76849063e-02 1.85077097e-02 6.05242699e-03 1.48113607e-03
  5.90399140e-04 3.85222869e-04 2.96479469e-04 2.87797360e-04
  2.92455021e-04 3.10882519e-04 3.33587581e-04 3.60573817e-04]
 [1.34940967e-01 6.27238005e-02 1.73957765e-01 1.34320572e-01
  1.56025231e-01 1.06508158e-01 9.49995741e-02 7.68715218e-02
  3.84028852e-02 1.49471043e-02 3.44833755e-03 7.91644328e-04
  3.81493621e-04 2.73566955e-04 2.16946544e-04 2.14173284e-04
  2.19111898e-04 2.33856146e-04 2.51349265e-04 2.71884579e-04]
 [1.32547423e-01 6.21003732e-02 1.91558734e-01 1.49290711e-01
  1.59390435e-01 1.12037860e-01 7.50561729e-02 6.27211630e-02
  3.44818011e-02 1.39206750e-02 3.84851918e-03 8.27839889e-04
  3.89230991e-04 2.89390387e-04 2.34704421e-04 2.33996616e-04
  2.40167632e-04 2.56627623e-04 2.75845581e-04 2.98328872e-04]
 [1.34536073e-01 7.20351264e-02 2.15111837e-01 1.19889885e-01
  1.37578100e-01 9.29237604e-02 9.04619023e-02 8.00759345e-02
  4.03060801e-02 1.24767879e-02 2.49479478e-03 4.96597437e-04
  2.56986736e-04 2.03755568e-04 1.70592597e-04 1.73150198e-04
  1.79566196e-04 1.93273547e-04 2.08864585e-04 2.26894685e-04]
 [1.32192641e-01 9.16596875e-02 1.80668101e-01 1.20204136e-01
  1.26536340e-01 9.86208990e-02 1.02599122e-01 8.38574916e-02
  4.38975692e-02 1.34347724e-02 2.98697990e-03 6.99801778e-04
  4.02987585e-04 3.32066295e-04 2.81279150e-04 2.86489405e-04
  2.97283288e-04 3.20087798e-04 3.46040324e-04 3.76173179e-04]
 [1.31493434e-01 8.88741761e-02 1.81717575e-01 1.16265602e-01
  1.23972028e-01 9.40469876e-02 1.07410945e-01 8.97065103e-02
  4.67637330e-02 1.32280244e-02 2.87436275e-03 7.05353450e-04
  4.27865860e-04 3.65869055e-04 3.15304147e-04 3.23196728e-04
  3.35727498e-04 3.61139741e-04 3.89611203e-04 4.22455632e-04]
 [1.32104859e-01 9.02346522e-02 1.95582628e-01 1.10122800e-01
  1.17621079e-01 8.82889554e-02 1.06109828e-01 9.30217132e-02
  4.85035703e-02 1.22666992e-02 2.54555116e-03 6.39782462e-04
  4.06162726e-04 3.63127299e-04 3.19353247e-04 3.29801813e-04
  3.43168329e-04 3.68953537e-04 3.97372933e-04 4.29946813e-04]
 [1.31959796e-01 9.99386758e-02 1.84411883e-01 9.79333594e-02
  1.09278113e-01 8.32116008e-02 1.15637437e-01 1.03088520e-01
  5.53840697e-02 1.26173357e-02 2.50162068e-03 6.72449940e-04
  4.49543208e-04 4.12195281e-04 3.65317479e-04 3.78144905e-04
  3.93269991e-04 4.22259822e-04 4.53984190e-04 4.90324455e-04]
 [1.30615205e-01 1.04873076e-01 1.75171584e-01 9.22675580e-02
  1.03738934e-01 8.09902027e-02 1.23060532e-01 1.10233270e-01
  5.99070080e-02 1.25881284e-02 2.43244111e-03 6.79213554e-04
  4.62858879e-04 4.26697632e-04 3.76246520e-04 3.88066226e-04
  4.02090431e-04 4.30162414e-04 4.60784271e-04 4.95921529e-04]
 [1.30001262e-01 1.08126432e-01 1.71285972e-01 8.64525735e-02
  1.00099623e-01 7.82951638e-02 1.27806470e-01 1.16260834e-01
  6.35428801e-02 1.23480866e-02 2.26433552e-03 6.19449478e-04
  4.11646091e-04 3.70758586e-04 3.18820239e-04 3.24615947e-04
  3.33559146e-04 3.54655436e-04 3.77928256e-04 4.04879393e-04]
 [1.29772812e-01 1.12599723e-01 1.67781293e-01 8.35487172e-02
  9.75639671e-02 7.64457881e-02 1.31049260e-01 1.19727120e-01
  6.53450340e-02 1.17420107e-02 2.00135424e-03 5.15083317e-04
  3.22565378e-04 2.65302515e-04 2.11709732e-04 2.07021352e-04
  2.07889098e-04 2.18021582e-04 2.30251550e-04 2.45100528e-04]
 [1.30896509e-01 1.17374562e-01 1.65184200e-01 8.67092982e-02
  9.80437994e-02 7.69292563e-02 1.30161092e-01 1.16984420e-01
  6.36340231e-02 1.08222784e-02 1.75785169e-03 4.16425086e-04
  2.43385890e-04 1.70552812e-04 1.19699303e-04 1.09022178e-04
  1.05164007e-04 1.07772692e-04 1.12236892e-04 1.18402408e-04]]
44520173-Q13715203	[[5.83083704e-02 4.87798080e-02 6.07192926e-02 4.27949429e-02
  5.40139526e-02 1.13320731e-01 1.52987754e-02 8.92317202e-03
  4.75675128e-02 4.75719087e-02 5.61432876e-02 5.92657849e-02
  4.94446345e-02 5.52955940e-02 7.53304139e-02 5.20432666e-02
  4.27932329e-02 3.91643867e-02 3.72940451e-02 3.59268785e-02]
 [3.68291698e-03 4.12179716e-03 6.15543360e-03 4.59147897e-03
  3.79451294e-03 2.02911953e-03 1.99960894e-03 3.22854891e-03
  2.78294948e-03 1.68141648e-02 5.50161004e-02 1.79604832e-02
  4.91753444e-02 9.30716693e-02 1.05644897e-01 1.16255395e-01
  1.21594504e-01 1.26797691e-01 1.30794078e-01 1.34489328e-01]
 [1.24745115e-04 3.37606791e-04 2.76584607e-02 1.79209560e-02
  8.96655992e-02 2.92817593e-01 5.41803300e-01 3.26763047e-03
  1.10857058e-02 1.16096460e-03 1.61528496e-05 2.66228617e-05
  1.22240017e-05 1.60046784e-05 2.69094424e-04 1.06969383e-03
  2.16440181e-03 2.96141114e-03 3.54912085e-03 4.07268247e-03]
 [5.99278792e-05 2.65424023e-04 1.68666802e-02 1.04277078e-02
  3.26613225e-02 5.60875237e-02 8.14628303e-01 9.86853428e-03
  4.83705774e-02 7.08601438e-03 2.86862487e-05 2.08412996e-04
  6.29506685e-05 1.61073112e-05 1.58961775e-04 3.77004559e-04
  5.82955545e-04 6.93772163e-04 7.53213943e-04 7.96029053e-04]
 [9.10704330e-05 3.59863305e-04 1.55299148e-02 9.81214736e-03
  2.61090435e-02 7.25246295e-02 8.35216165e-01 3.70522263e-03
  2.89086085e-02 5.48088271e-03 2.38129887e-05 1.22415382e-04
  6.75297051e-05 1.46700158e-05 1.02424012e-04 2.21196198e-04
  3.39864084e-04 4.13759175e-04 4.60522075e-04 4.96251974e-04]
 [8.26486066e-05 4.10281791e-04 4.53127399e-02 2.03718897e-02
  5.20261340e-02 7.50817358e-02 7.67178416e-01 7.42039317e-03
  2.71702539e-02 3.72691918e-03 1.20169834e-05 1.28644562e-04
  4.97749170e-05 8.42854206e-06 5.38126442e-05 1.06981766e-04
  1.63045916e-04 2.03114105e-04 2.33179046e-04 2.59567605e-04]
 [9.71020636e-05 5.64516638e-04 2.27375720e-02 9.02978517e-03
  1.92570947e-02 5.10638244e-02 8.78412843e-01 2.10992619e-03
  1.38041340e-02 2.42988765e-03 7.42671000e-06 9.09317168e-05
  3.25793153e-05 4.05011133e-06 2.19285284e-05 3.97843032e-05
  5.81657769e-05 7.09270462e-05 8.00413545e-05 8.75151600e-05]
 [8.79856598e-05 4.31429246e-04 3.65596376e-02 1.47256888e-02
  3.79359685e-02 5.86928949e-02 8.14803004e-01 5.73894847e-03
  2.69222409e-02 3.53400502e-03 8.53339861e-06 1.35411290e-04
  4.90328966e-05 5.51891117e-06 2.63091715e-05 4.30251021e-05
  6.01391257e-05 7.19498712e-05 8.05244126e-05 8.78240317e-05]
 [1.03375169e-04 6.20814099e-04 2.41795443e-02 8.11352022e-03
  1.64677389e-02 4.50849533e-02 8.91689658e-01 1.90075219e-03
  9.89377312e-03 1.67885644e-03 4.94956885e-06 6.96327916e-05
  2.26123029e-05 2.38940470e-06 1.06708694e-05 1.79517701e-05
  2.62186495e-05 3.26751324e-05 3.78105942e-05 4.22666599e-05]
 [7.41910844e-05 4.34848422e-04 2.95309685e-02 1.07362708e-02
  2.50846930e-02 3.12754214e-02 8.61215532e-01 7.22223148e-03
  3.02324593e-02 3.69827729e-03 8.14203941e-06 1.83629076e-04
  5.51301382e-05 5.12205088e-06 2.07245557e-05 3.00398424e-05
  3.97702970e-05 4.63487595e-05 5.10741556e-05 5.51013909e-05]
 [1.15509734e-04 6.54625066e-04 2.55461503e-02 7.81526230e-03
  1.60986707e-02 5.05132191e-02 8.87944341e-01 1.80835032e-03
  7.97517132e-03 1.34197413e-03 4.16826606e-06 5.71944511e-05
  1.75455261e-05 1.74550587e-06 6.80135145e-06 1.10457704e-05
  1.62287706e-05 2.05410252e-05 2.41459747e-05 2.73431888e-05]
 [6.57614073e-05 4.42142133e-04 2.76855472e-02 9.28099081e-03
  2.04795692e-02 2.17317119e-02 8.72736514e-01 9.60923824e-03
  3.35429274e-02 3.88062326e-03 8.78578157e-06 2.43459421e-04
  6.28465204e-05 5.53778455e-06 2.09111240e-05 2.85469250e-05
  3.67520734e-05 4.22410631e-05 4.61791315e-05 4.95625427e-05]
 [1.41659242e-04 7.80876202e-04 2.97698937e-02 8.41773022e-03
  1.74970459e-02 6.13121465e-02 8.71170759e-01 1.93955051e-03
  7.56377866e-03 1.22829864e-03 4.40257782e-06 5.67862007e-05
  1.67655708e-05 1.73591854e-06 6.39687914e-06 1.02029589e-05
  1.49830821e-05 1.90342416e-05 2.24681717e-05 2.55239302e-05]
 [6.28946364e-05 4.54473717e-04 2.79323589e-02 8.67451169e-03
  1.89253390e-02 1.92683935e-02 8.71113777e-01 1.20912697e-02
  3.66503820e-02 4.16913163e-03 1.06022517e-05 3.22107575e-04
  7.20803146e-05 6.50333368e-06 2.40058489e-05 3.18244856e-05
  4.03978920e-05 4.60959091e-05 5.01832037e-05 5.37062588e-05]
 [1.74732049e-04 9.69334389e-04 3.60603556e-02 9.53842700e-03
  1.99633371e-02 7.52757713e-02 8.46391916e-01 2.28037382e-03
  7.93228671e-03 1.21282123e-03 5.29210820e-06 6.27075569e-05
  1.78694190e-05 2.05749620e-06 7.43776718e-06 1.17092086e-05
  1.71219854e-05 2.17160450e-05 2.56171043e-05 2.90815424e-05]
 [6.14411983e-05 4.58821392e-04 2.72354055e-02 8.06656759e-03
  1.76756345e-02 1.79520939e-02 8.68151248e-01 1.48477778e-02
  4.02223468e-02 4.50605294e-03 1.33616741e-05 4.30415908e-04
  8.24272502e-05 7.89648766e-06 2.89628751e-05 3.77021533e-05
  4.74056360e-05 5.37930864e-05 5.83562141e-05 6.22828738e-05]
 [2.04789292e-04 1.14625064e-03 4.18943316e-02 1.06074121e-02
  2.24112291e-02 8.82633179e-02 8.22788954e-01 2.74584978e-03
  8.49672407e-03 1.20764354e-03 6.52453355e-06 7.08359439e-05
  1.91929375e-05 2.52150608e-06 9.02795819e-06 1.40612310e-05
  2.04563530e-05 2.58638702e-05 3.04489968e-05 3.45079061e-05]
 [6.15745157e-05 4.65942081e-04 2.63293181e-02 7.68063590e-03
  1.69545170e-02 1.73537433e-02 8.63821983e-01 1.78377517e-02
  4.39281538e-02 4.58969269e-03 1.60237178e-05 5.34678169e-04
  8.87312490e-05 9.22737763e-06 3.37431411e-05 4.33065143e-05
  5.40112451e-05 6.09638009e-05 6.58912468e-05 7.01107056e-05]
 [2.29291109e-04 1.28186378e-03 4.62109111e-02 1.14615401e-02
  2.45154947e-02 9.88555923e-02 8.03553939e-01 3.27676488e-03
  9.16252285e-03 1.18643104e-03 7.81886320e-06 7.86618839e-05
  2.01504572e-05 3.01830391e-06 1.07101478e-05 1.64981957e-05
  2.38470402e-05 3.00163065e-05 3.52260358e-05 3.98159573e-05]
 [6.37048870e-05 4.82369855e-04 2.59824861e-02 7.59261940e-03
  1.68563146e-02 1.74163971e-02 8.57779562e-01 2.08559427e-02
  4.73376177e-02 4.52363025e-03 1.83717639e-05 6.22308289e-04
  9.26677021e-05 1.05386935e-05 3.84241466e-05 4.87187172e-05
  6.03109547e-05 6.77267599e-05 7.29318635e-05 7.73614447e-05]]
